1	 0.0225930 
2	 0.0247689 
3	 0.0267640 
4	 0.0284121 
5	 0.0252511 
6	 0.0464619 
7	 0.0287760 
8	 0.0313739 
9	 0.0318060 
10	 0.0315020 
11	 0.0312920 
12	 0.0307270 
13	 0.0314310 
14	 0.0297939 
15	 0.0294660 
16	 0.0329501 
17	 0.0318910 
18	 0.0315370 
19	 0.0315801 
20	 0.0329980 
21	 0.0328090 
22	 0.0339060 
23	 0.0321430 
24	 0.0326170 
25	 0.0331741 
26	 0.0342079 
27	 0.0329480 
28	 0.0325630 
29	 0.0336780 
30	 0.0348639 
31	 0.0330240 
32	 0.0359900 
33	 0.0342651 
34	 0.0354080 
35	 0.0361970 
36	 0.0330720 
37	 0.0347881 
38	 0.0339900 
39	 0.0340060 
40	 0.0350849 
41	 0.0343629 
42	 0.0347660 
43	 0.0358400 
44	 0.0344010 
45	 0.0364131 
46	 0.0380661 
47	 0.0363840 
48	 0.0364940 
49	 0.0357361 
50	 0.0355559 
51	 0.0372549 
52	 0.0369469 
53	 0.0368059 
54	 0.0413069 
55	 0.0353459 
56	 0.0446070 
57	 0.0373370 
58	 0.0378380 
59	 0.0379229 
60	 0.0390339 
61	 0.0392300 
62	 0.0381339 
63	 0.0368031 
64	 0.0384501 
65	 0.0370601 
66	 0.0464069 
67	 0.0375629 
68	 0.0367641 
69	 0.0404799 
70	 0.0410290 
71	 0.0396940 
72	 0.0375110 
73	 0.0406261 
74	 0.0429009 
75	 0.0394850 
76	 0.0972079 
77	 0.0390580 
78	 0.0387311 
79	 0.0403411 
80	 0.0386950 
81	 0.0392109 
82	 0.0400379 
83	 0.0397561 
84	 0.0341711 
85	 0.0396070 
86	 0.0381720 
87	 0.0425740 
88	 0.0406440 
89	 0.0414890 
90	 0.0404181 
91	 0.0402510 
92	 0.0405451 
93	 0.0407309 
94	 0.0378840 
95	 0.0405411 
96	 0.0408720 
97	 0.0398140 
98	 0.0425940 
99	 0.0555719 
100	 0.0413630 
101	 0.0417519 
102	 0.0410330 
103	 0.0475049 
104	 0.0385510 
105	 0.0424960 
106	 0.0419491 
107	 0.0460320 
108	 0.0468499 
109	 0.0441330 
110	 0.0451479 
111	 0.0460381 
112	 0.0431931 
113	 0.0423191 
114	 0.0428701 
115	 0.0439300 
116	 0.0429169 
117	 0.0469109 
118	 0.0446451 
119	 0.0473891 
120	 0.0468750 
121	 0.0456240 
122	 0.0438360 
123	 0.0428291 
124	 0.0400319 
125	 0.0422560 
126	 0.0470199 
127	 0.0473020 
128	 0.0479921 
129	 0.0457190 
130	 0.0420280 
131	 0.0417720 
132	 0.0467931 
133	 0.0493629 
134	 0.0502931 
135	 0.0467500 
136	 0.0412299 
137	 0.0433651 
138	 0.0465680 
139	 0.0492219 
140	 0.0529089 
141	 0.0460811 
142	 0.0447449 
143	 0.0451941 
144	 0.0500599 
145	 0.0496680 
146	 0.0483671 
147	 0.0454540 
148	 0.0498170 
149	 0.0488161 
150	 0.0491461 
151	 0.0464361 
152	 0.0461441 
153	 0.0507781 
154	 0.0493901 
155	 0.0467819 
156	 0.0454881 
157	 0.0508519 
158	 0.0477549 
159	 0.0450350 
160	 0.0497190 
161	 0.0510429 
162	 0.0444880 
163	 0.0473690 
164	 0.0507339 
165	 0.0544850 
166	 0.0458719 
167	 0.0513599 
168	 0.0521851 
169	 0.0498990 
170	 0.0465571 
171	 0.0473710 
172	 0.0504631 
173	 0.0506299 
174	 0.0488379 
175	 0.0482101 
176	 0.0511369 
177	 0.0483720 
178	 0.0523010 
179	 0.0522050 
180	 0.0537390 
181	 0.0529200 
182	 0.0524371 
183	 0.0488321 
184	 0.0506840 
185	 0.0472470 
186	 0.0539510 
187	 0.0529871 
188	 0.0485331 
189	 0.0562501 
190	 0.0537570 
191	 0.0474159 
192	 0.0530421 
193	 0.0508229 
194	 0.0522990 
195	 0.0552271 
196	 0.0508220 
197	 0.0534609 
198	 0.0518809 
199	 0.0546210 
200	 0.0555119 
201	 0.0475230 
202	 0.0583120 
203	 0.0552270 
204	 0.0538259 
205	 0.0525371 
206	 0.0552130 
207	 0.0536660 
208	 0.0512199 
209	 0.0550711 
210	 0.0531290 
211	 0.0564229 
212	 0.0547039 
213	 0.0577231 
214	 0.0518410 
215	 0.0541621 
216	 0.0594709 
217	 0.0547230 
218	 0.0563180 
219	 0.0545090 
220	 0.0556700 
221	 0.0589811 
222	 0.0582261 
223	 0.0550459 
224	 0.0561270 
225	 0.0584210 
226	 0.0549590 
227	 0.0536320 
228	 0.0578989 
229	 0.0569749 
230	 0.0508850 
231	 0.0565181 
232	 0.0567060 
233	 0.0599120 
234	 0.0562630 
235	 0.0570981 
236	 0.0553869 
237	 0.0587609 
238	 0.0570021 
239	 0.0601811 
240	 0.0561261 
241	 0.0559201 
242	 0.0558790 
243	 0.0595149 
244	 0.0575831 
245	 0.0590201 
246	 0.0571569 
247	 0.0559570 
248	 0.0599330 
249	 0.0601779 
250	 0.0571341 
251	 0.0541249 
252	 0.0595061 
253	 0.0585821 
254	 0.0566589 
255	 0.0584761 
256	 0.0587800 
257	 0.0585170 
258	 0.0568750 
259	 0.0603770 
260	 0.0575450 
261	 0.0522661 
262	 0.0595441 
263	 0.0596919 
264	 0.0589591 
265	 0.0606869 
266	 0.0607999 
267	 0.0573281 
268	 0.0572540 
269	 0.0585289 
270	 0.0632651 
271	 0.0616521 
272	 0.0589640 
273	 0.0605210 
274	 0.0621610 
275	 0.0619779 
276	 0.0620429 
277	 0.0609209 
278	 0.1623399 
279	 0.2654120 
280	 0.2048860 
281	 0.1588491 
282	 0.0618770 
283	 0.0601660 
284	 0.0626480 
285	 0.0632651 
286	 0.0638589 
287	 0.0617560 
288	 0.0640229 
289	 0.0625210 
290	 0.0608990 
291	 0.0598700 
292	 0.0623369 
293	 0.0664521 
294	 0.0668660 
295	 0.0607609 
296	 0.0606360 
297	 0.0644741 
298	 0.0592340 
299	 0.0645551 
300	 0.0633021 
301	 0.0647341 
302	 0.0650250 
303	 0.0622079 
304	 0.0623430 
305	 0.0648790 
306	 0.0642601 
307	 0.0624640 
308	 0.0652370 
309	 0.0651071 
310	 0.0668350 
311	 0.0666331 
312	 0.0607090 
313	 0.0689671 
314	 0.0646451 
315	 0.0720580 
316	 0.0771660 
317	 0.0739769 
318	 0.0731650 
319	 0.0715181 
320	 0.0728039 
321	 0.0726260 
322	 0.0739889 
323	 0.0727321 
324	 0.0746751 
325	 0.0651760 
326	 0.0646551 
327	 0.0650319 
328	 0.0665069 
329	 0.0674829 
330	 0.0668000 
331	 0.0665360 
332	 0.0670601 
333	 0.0705570 
334	 0.0672051 
335	 0.0644399 
336	 0.0639070 
337	 0.0630689 
338	 0.0673699 
339	 0.0624561 
340	 0.0652420 
341	 0.0692701 
342	 0.0686959 
343	 0.0668881 
344	 0.0686569 
345	 0.0694481 
346	 0.0730259 
347	 0.0801291 
348	 0.0790319 
349	 0.0768099 
350	 0.0766920 
351	 0.0762761 
352	 0.0784010 
353	 0.0775859 
354	 0.0775101 
355	 0.0802770 
356	 0.0772219 
357	 0.0760640 
358	 0.0676481 
359	 0.0719961 
360	 0.0674351 
361	 0.0726260 
362	 0.0699080 
363	 0.0717861 
364	 0.0716870 
365	 0.0753549 
366	 0.0729860 
367	 0.0725369 
368	 0.0710951 
369	 0.0695881 
370	 0.0745521 
371	 0.0697539 
372	 0.0730611 
373	 0.0640900 
374	 0.0677910 
375	 0.0637869 
376	 0.0706901 
377	 0.0694969 
378	 0.0688620 
379	 0.0758230 
380	 0.0735109 
381	 0.0745981 
382	 0.0744131 
383	 0.0724150 
384	 0.0736660 
385	 0.0747681 
386	 0.0723740 
387	 0.0699809 
388	 0.0688079 
389	 0.0764099 
390	 0.0727310 
391	 0.0752830 
392	 0.0738660 
393	 0.0716151 
394	 0.0719751 
395	 0.0708230 
396	 0.0709271 
397	 0.0739760 
398	 0.0795080 
399	 0.0834430 
400	 0.0838269 
401	 0.0825841 
402	 0.0807190 
403	 0.0836930 
404	 0.0860379 
405	 0.0866311 
406	 0.0834890 
407	 0.0812040 
408	 0.0869619 
409	 0.0750669 
410	 0.0764199 
411	 0.0734019 
412	 0.0751519 
413	 0.0733850 
414	 0.0815051 
415	 0.0782779 
416	 0.0757460 
417	 0.0793070 
418	 0.0793390 
419	 0.0743260 
420	 0.0761350 
421	 0.0767829 
422	 0.0782049 
423	 0.0776860 
424	 0.0738359 
425	 0.0803249 
426	 0.0783410 
427	 0.0779430 
428	 0.0787520 
429	 0.0823551 
430	 0.0804669 
431	 0.0780421 
432	 0.0758590 
433	 0.0886181 
434	 0.0775750 
435	 0.0833090 
436	 0.0841431 
437	 0.0766569 
438	 0.0811810 
439	 0.0854620 
440	 0.0773920 
441	 0.0802391 
442	 0.0780610 
443	 0.0788921 
444	 0.0818300 
445	 0.0832121 
446	 0.0784400 
447	 0.0831860 
448	 0.0819760 
449	 0.0809929 
450	 0.0821769 
451	 0.0816691 
452	 0.0846650 
453	 0.0887249 
454	 0.0857400 
455	 0.0860479 
456	 0.0827701 
457	 0.0904130 
458	 0.0902491 
459	 0.0838200 
460	 0.0863581 
461	 0.0820199 
462	 0.0831150 
463	 0.0866871 
464	 0.0809170 
465	 0.0902800 
466	 0.0858061 
467	 0.0860730 
468	 0.0848499 
469	 0.0866251 
470	 0.0852699 
471	 0.0861591 
472	 0.0889700 
473	 0.0846361 
474	 0.0894131 
475	 0.0890819 
476	 0.0859490 
477	 0.0853121 
478	 0.0881970 
479	 0.0904139 
480	 0.0894829 
481	 0.0835509 
482	 0.0867491 
483	 0.0879141 
484	 0.0889990 
485	 0.0900160 
486	 0.0990240 
487	 0.0862620 
488	 0.0901110 
489	 0.0873859 
490	 0.0848340 
491	 0.0894381 
492	 0.0903429 
493	 0.0893799 
494	 0.0930141 
495	 0.0892989 
496	 0.0894611 
497	 0.0851510 
498	 0.0892290 
499	 0.0879470 
500	 0.0886561 
501	 0.0851151 
502	 0.0889449 
503	 0.1010060 
504	 0.0803759 
505	 0.0878630 
506	 0.0888230 
507	 0.0933701 
508	 0.0916719 
509	 0.0893640 
510	 0.0903110 
511	 0.0890809 
512	 0.0907781 
513	 0.0906329 
514	 0.0906451 
515	 0.0919859 
516	 0.0908529 
517	 0.0892359 
518	 0.0901790 
519	 0.0886241 
520	 0.0943450 
521	 0.0903870 
522	 0.0890370 
523	 0.0893630 
524	 0.0922789 
525	 0.0925991 
526	 0.0869151 
527	 0.0903431 
528	 0.0943611 
529	 0.0943741 
530	 0.0928351 
531	 0.0997529 
532	 0.0954730 
533	 0.0935699 
534	 0.0924531 
535	 0.0941450 
536	 0.0975950 
537	 0.0914550 
538	 0.0922620 
539	 0.0974949 
540	 0.0879269 
541	 0.0839451 
542	 0.0914011 
543	 0.0941741 
544	 1.3835480 
545	 0.0398310 
546	 0.0421691 
547	 0.0370331 
548	 0.0408849 
549	 0.0441160 
550	 0.0406659 
551	 0.0440010 
552	 0.0404131 
553	 0.0426620 
554	 0.0380590 
555	 0.0401611 
556	 0.0439960 
557	 0.0467410 
558	 0.0399499 
559	 0.0475970 
560	 0.0474930 
561	 0.0473551 
562	 0.0422489 
563	 0.0463840 
564	 0.0468650 
565	 0.0449100 
566	 0.0396261 
567	 0.0432931 
568	 0.0418070 
569	 0.0464801 
570	 0.0483941 
571	 0.0496460 
572	 0.0513901 
573	 0.0496670 
574	 0.0484680 
575	 0.0471120 
576	 0.0413051 
577	 0.0430519 
578	 0.0405900 
579	 0.0495761 
580	 0.0477890 
581	 0.0474359 
582	 0.0484901 
583	 0.0473400 
584	 0.0447200 
585	 0.0461839 
586	 0.0476481 
587	 0.0506160 
588	 0.0494110 
589	 0.0498420 
590	 0.0470749 
591	 0.0457930 
592	 0.0455739 
593	 0.0509960 
594	 0.0506171 
595	 0.0535719 
596	 0.0455530 
597	 0.0473619 
598	 0.0525791 
599	 0.0508451 
600	 0.0546279 
601	 0.0505529 
602	 0.0483289 
603	 0.0495091 
604	 0.0545811 
605	 0.0490049 
606	 0.0465489 
607	 0.0425009 
608	 0.1481690 
609	 0.1079169 
610	 0.0478990 
611	 0.0504060 
612	 0.0537960 
613	 0.0518750 
614	 0.0484281 
615	 0.0437880 
616	 0.0564880 
617	 0.0512599 
618	 0.0482351 
619	 0.0546290 
620	 0.0549150 
621	 0.0500770 
622	 0.0550070 
623	 0.0517210 
624	 0.0502970 
625	 0.0514240 
626	 0.0536080 
627	 0.0567309 
628	 0.0510029 
629	 0.0503820 
630	 0.0557121 
631	 0.0512250 
632	 0.0502351 
633	 0.0551090 
634	 0.0513620 
635	 0.0501620 
636	 0.0541859 
637	 0.0611741 
638	 0.0616630 
639	 0.0626970 
640	 0.0567450 
641	 0.0607150 
642	 0.0634900 
643	 0.0576260 
644	 0.0669889 
645	 0.0628251 
646	 0.0515650 
647	 0.0667069 
648	 0.0578501 
649	 0.0576770 
650	 0.0626181 
651	 0.0530240 
652	 0.0563970 
653	 0.0476411 
654	 0.0554501 
655	 0.0562600 
656	 0.0512240 
657	 0.0556410 
658	 0.0575271 
659	 0.0570750 
660	 0.0564060 
661	 0.0493979 
662	 0.0580639 
663	 0.0540919 
664	 0.0606131 
665	 0.0578219 
666	 0.0556740 
667	 0.0581200 
668	 0.0548910 
669	 0.0556360 
670	 0.0567270 
671	 0.0561189 
672	 0.0563539 
673	 0.0617131 
674	 0.0560730 
675	 0.0577309 
676	 0.0512659 
677	 0.0637841 
678	 0.0539890 
679	 0.0607641 
680	 0.0567260 
681	 0.0610540 
682	 0.0586231 
683	 0.0600101 
684	 0.0549669 
685	 0.0623580 
686	 0.0566829 
687	 0.0548440 
688	 0.0577179 
689	 0.0595770 
690	 0.0596969 
691	 0.0576291 
692	 0.0590110 
693	 0.0558761 
694	 0.0620810 
695	 0.0544160 
696	 0.0562501 
697	 0.0580741 
698	 0.0634430 
699	 0.0591521 
700	 0.0627580 
701	 0.0630580 
702	 0.0593480 
703	 0.0624920 
704	 0.0612610 
705	 0.0650091 
706	 0.0587809 
707	 0.0588169 
708	 0.0624771 
709	 0.0632449 
710	 0.0584629 
711	 0.0634869 
712	 0.0600810 
713	 0.0646771 
714	 0.0650430 
715	 0.0575999 
716	 0.0598971 
717	 0.0623911 
718	 0.0622551 
719	 0.0626340 
720	 0.0629980 
721	 0.0641460 
722	 0.0632711 
723	 0.0633430 
724	 0.0603740 
725	 0.0673469 
726	 0.0642450 
727	 0.0610670 
728	 0.0652200 
729	 0.0626770 
730	 0.0608570 
731	 0.0654221 
732	 0.0656109 
733	 0.0630971 
734	 0.0657200 
735	 0.0623010 
736	 0.0672011 
737	 0.0691789 
738	 0.0610381 
739	 0.0621920 
740	 0.0663979 
741	 0.0669170 
742	 0.0626049 
743	 0.0653690 
744	 0.0615281 
745	 0.0653530 
746	 0.0641530 
747	 0.0609220 
748	 0.0653991 
749	 0.0636811 
750	 0.0626131 
751	 0.0643929 
752	 0.0656231 
753	 0.0670379 
754	 0.0664390 
755	 0.0673240 
756	 0.0660751 
757	 0.0666461 
758	 0.0655300 
759	 0.0705429 
760	 0.0695569 
761	 0.0673209 
762	 0.0670940 
763	 0.0682770 
764	 0.0661610 
765	 0.0636709 
766	 0.0687170 
767	 0.0700600 
768	 0.0682101 
769	 0.0693529 
770	 0.0667280 
771	 0.0694659 
772	 0.0694610 
773	 0.0665450 
774	 0.0683660 
775	 0.0691670 
776	 0.0695419 
777	 0.0669230 
778	 0.0679931 
779	 0.0721019 
780	 0.0723459 
781	 0.0751261 
782	 0.0687870 
783	 0.0696421 
784	 0.0724979 
785	 0.0721089 
786	 0.0681131 
787	 0.0701820 
788	 0.0782711 
789	 0.0697581 
790	 0.0709100 
791	 0.0698929 
792	 0.0679930 
793	 0.0696269 
794	 0.0677099 
795	 0.0690919 
796	 0.0695079 
797	 0.0668620 
798	 0.0695479 
799	 0.0704140 
800	 0.0723889 
801	 0.0725260 
802	 0.0712421 
803	 0.0785319 
804	 0.0740140 
805	 0.0688410 
806	 0.0763750 
807	 0.0744070 
808	 0.0708121 
809	 0.0730330 
810	 0.0728910 
811	 0.0736900 
812	 0.0763960 
813	 0.0675330 
814	 0.0734350 
815	 0.0762631 
816	 0.0740199 
817	 0.0724981 
818	 0.0721080 
819	 0.0767199 
820	 0.0681770 
821	 0.0746710 
822	 0.0745481 
823	 0.0845751 
824	 0.5529291 
825	 0.3747630 
826	 0.0439251 
827	 0.0434510 
828	 0.0453209 
829	 0.0450310 
830	 0.0451360 
831	 0.0439699 
832	 0.0456349 
833	 0.0450200 
834	 0.0434009 
835	 0.1441460 
836	 0.0457030 
837	 0.0451340 
838	 0.0421131 
839	 0.0499210 
840	 0.0520530 
841	 0.0468961 
842	 0.0516019 
843	 0.0572881 
844	 0.0474251 
845	 0.0488070 
846	 0.0506970 
847	 0.0504440 
848	 0.0483521 
849	 0.0468209 
850	 0.0465230 
851	 0.0483501 
852	 0.0486179 
853	 0.0470249 
854	 0.0475760 
855	 0.0468610 
856	 0.0497830 
857	 0.0505239 
858	 0.0501570 
859	 0.0516350 
860	 0.0438701 
861	 0.0491569 
862	 0.0555470 
863	 0.0586181 
864	 0.0470890 
865	 0.0514970 
866	 0.0487591 
867	 0.0486559 
868	 0.0500800 
869	 0.0462511 
870	 0.0542021 
871	 0.0490170 
872	 0.0498411 
873	 0.0564909 
874	 0.0522351 
875	 0.0485720 
876	 0.0563721 
877	 0.0538300 
878	 0.0534549 
879	 0.0528021 
880	 0.0562811 
881	 0.0514831 
882	 0.0517970 
883	 0.0627930 
884	 0.0527240 
885	 0.0547830 
886	 0.0472969 
887	 0.0532121 
888	 0.0498101 
889	 0.0558390 
890	 0.0524530 
891	 0.0536399 
892	 0.0543281 
893	 0.0516209 
894	 0.0522760 
895	 0.0578290 
896	 0.0530760 
897	 0.0513240 
898	 0.0528281 
899	 0.0510819 
900	 0.0500229 
901	 0.0558120 
902	 0.0521950 
903	 0.0631770 
904	 0.0516479 
905	 0.0547219 
906	 0.0583831 
907	 0.0544391 
908	 0.0548411 
909	 0.0563871 
910	 0.0510830 
911	 0.0592681 
912	 0.0586389 
913	 0.0583191 
914	 0.0580359 
915	 0.0561219 
916	 0.0547790 
917	 0.0528930 
918	 0.0583359 
919	 0.0515870 
920	 0.0585521 
921	 0.0519299 
922	 0.0579519 
923	 0.0556271 
924	 0.0543850 
925	 0.0589231 
926	 0.0557081 
927	 0.0582480 
928	 0.0539570 
929	 0.0569090 
930	 0.0545459 
931	 0.0601789 
932	 0.0560960 
933	 0.0574740 
934	 0.0585931 
935	 0.0591610 
936	 0.0590890 
937	 0.0563860 
938	 0.0608851 
939	 0.0551919 
940	 0.0592689 
941	 0.0582799 
942	 0.0598480 
943	 0.0637910 
944	 0.0628369 
945	 0.0558509 
946	 0.0637481 
947	 0.0614629 
948	 0.0581239 
949	 0.0570290 
950	 0.0555331 
951	 0.0610970 
952	 0.0605970 
953	 0.0569379 
954	 0.0603820 
955	 0.0602311 
956	 0.0673660 
957	 0.0633701 
958	 0.0586509 
959	 0.0622169 
960	 0.0629801 
961	 0.0591559 
962	 0.0621221 
963	 0.0697380 
964	 0.0587360 
965	 0.0625260 
966	 0.0613359 
967	 0.0638470 
968	 0.0609220 
969	 0.0604690 
970	 0.0598570 
971	 0.0598341 
972	 0.0580100 
973	 0.0647471 
974	 0.0601270 
975	 0.0667080 
976	 0.0628120 
977	 0.0641810 
978	 0.0607711 
979	 0.0583991 
980	 0.0628969 
981	 0.0594250 
982	 0.0618011 
983	 0.0716090 
984	 0.0626470 
985	 0.0601180 
986	 0.0608189 
987	 0.0593711 
988	 0.0629680 
989	 0.0610420 
990	 0.0632280 
991	 0.0606380 
992	 0.0670459 
993	 0.0664930 
994	 0.0643660 
995	 0.0605121 
996	 0.0655110 
997	 0.0650739 
998	 0.0667440 
999	 0.2146961 
1000	 0.0784231 
1001	 0.0659409 
1002	 0.0644610 
1003	 0.0705571 
1004	 0.0629551 
1005	 0.0582230 
1006	 0.0682450 
1007	 0.0632859 
1008	 0.0669489 
1009	 0.0672880 
1010	 0.0683769 
1011	 0.0629970 
1012	 0.0660451 
1013	 0.0650630 
1014	 0.0633469 
1015	 0.0633890 
1016	 0.0658450 
1017	 0.0682750 
1018	 0.0651381 
1019	 0.0642771 
1020	 0.0671571 
1021	 0.0655390 
1022	 0.0603810 
1023	 0.0757620 
1024	 0.0687581 
1025	 0.0670141 
1026	 0.0645651 
1027	 0.0714301 
1028	 0.0685621 
1029	 0.0673239 
1030	 0.0640400 
1031	 0.0672050 
1032	 0.0692969 
1033	 0.0657521 
1034	 0.0661990 
1035	 0.0687889 
1036	 0.0690009 
1037	 0.0692200 
1038	 0.0691561 
1039	 0.0708489 
1040	 0.0672660 
1041	 0.0679330 
1042	 0.0668979 
1043	 0.0746310 
1044	 0.0692959 
1045	 0.0699499 
1046	 0.0701789 
1047	 0.0725340 
1048	 0.0689770 
1049	 0.0698930 
1050	 0.0663959 
1051	 0.0681910 
1052	 0.0675000 
1053	 0.0673670 
1054	 0.0705869 
1055	 0.0700590 
1056	 0.0695800 
1057	 0.0739190 
1058	 0.0723030 
1059	 0.0689801 
1060	 0.0752319 
1061	 0.0728170 
1062	 0.0732979 
1063	 0.0780960 
1064	 0.0763561 
1065	 0.0692381 
1066	 0.0737559 
1067	 0.0764040 
1068	 0.0740009 
1069	 0.0720850 
1070	 0.0719479 
1071	 0.0724750 
1072	 0.0723049 
1073	 0.0723280 
1074	 0.0735950 
1075	 0.0737881 
1076	 0.0751899 
1077	 0.0750509 
1078	 0.0720801 
1079	 0.0707700 
1080	 0.0728401 
1081	 0.0710919 
1082	 0.0687500 
1083	 0.0820611 
1084	 0.0691830 
1085	 0.0697610 
1086	 0.0782249 
1087	 0.0744009 
1088	 0.0746360 
1089	 0.0744530 
1090	 0.0773620 
1091	 0.0773610 
1092	 0.0733030 
1093	 0.0714640 
1094	 0.0720680 
1095	 0.0804460 
1096	 0.0733701 
1097	 0.0757201 
1098	 0.0719531 
1099	 0.0739750 
1100	 0.0779519 
1101	 0.0747870 
1102	 0.0739770 
1103	 0.0802451 
1104	 0.0720900 
1105	 0.0800740 
1106	 0.0778190 
1107	 0.0757889 
1108	 0.0796110 
1109	 0.0785549 
1110	 0.0750911 
1111	 0.0747911 
1112	 0.0754821 
1113	 0.0807479 
1114	 0.0812269 
1115	 0.0755900 
1116	 0.0669781 
1117	 0.0750249 
1118	 0.0779330 
1119	 0.0792829 
1120	 0.0767030 
1121	 0.0715419 
1122	 0.0788230 
1123	 0.0896829 
1124	 0.0818671 
1125	 0.0799931 
1126	 0.0840280 
1127	 0.0807439 
1128	 0.0812719 
1129	 0.0787490 
1130	 0.0788021 
1131	 0.0873500 
1132	 0.0795501 
1133	 0.0795220 
1134	 0.0840710 
1135	 0.0806690 
1136	 0.0784280 
1137	 0.0837799 
1138	 0.0776329 
1139	 0.0809270 
1140	 0.0858900 
1141	 0.0861610 
1142	 0.0811761 
1143	 0.0796749 
1144	 0.0829419 
1145	 0.0857841 
1146	 0.0779581 
1147	 0.0820359 
1148	 0.0979740 
1149	 0.0872319 
1150	 0.0907301 
1151	 0.1071841 
1152	 0.0945641 
1153	 0.0941040 
1154	 0.0937709 
1155	 0.0908471 
1156	 0.0945039 
1157	 0.0940871 
1158	 0.0835100 
1159	 0.0854871 
1160	 0.0839141 
1161	 0.0810139 
1162	 0.0859310 
1163	 0.0897350 
1164	 0.0870030 
1165	 0.0874629 
1166	 0.0828330 
1167	 0.0869020 
1168	 0.0892389 
1169	 0.0866169 
1170	 0.0876210 
1171	 0.0925229 
1172	 0.0881461 
1173	 0.0836591 
1174	 0.0906050 
1175	 0.0891381 
1176	 0.0848601 
1177	 0.0852701 
1178	 0.0819550 
1179	 0.0919309 
1180	 0.0855161 
1181	 0.0868351 
1182	 0.0857670 
1183	 0.0891271 
1184	 0.0868989 
1185	 0.0897511 
1186	 0.0900480 
1187	 0.0867120 
1188	 0.0907731 
1189	 0.0865621 
1190	 0.0930809 
1191	 0.0926199 
1192	 0.0854070 
1193	 0.0877190 
1194	 0.0917930 
1195	 0.0846050 
1196	 0.0903329 
1197	 0.0859079 
1198	 0.0909480 
1199	 0.0866701 
1200	 0.0915229 
1201	 0.0892971 
1202	 0.0921150 
1203	 0.0888440 
1204	 0.0915569 
1205	 0.0891250 
1206	 0.0863649 
1207	 0.0920131 
1208	 0.0871119 
1209	 0.0843661 
1210	 0.0894121 
1211	 0.0990979 
1212	 0.0933569 
1213	 0.0941781 
1214	 0.0905650 
1215	 0.0895569 
1216	 0.0917151 
1217	 0.0873281 
1218	 0.0922910 
1219	 0.0917169 
1220	 0.0956729 
1221	 0.0947099 
1222	 0.0895640 
1223	 0.0848731 
1224	 0.0886641 
1225	 0.0903541 
1226	 0.0865240 
1227	 0.0892220 
1228	 0.0924670 
1229	 0.0924930 
1230	 0.0894010 
1231	 0.1006539 
1232	 0.0905799 
1233	 0.0910701 
1234	 0.0935021 
1235	 0.0893469 
1236	 0.0921661 
1237	 0.0941070 
1238	 0.0936939 
1239	 0.0920861 
1240	 0.0969500 
1241	 0.0928581 
1242	 0.0912309 
1243	 0.0945160 
1244	 0.0958690 
1245	 0.0910101 
1246	 0.0934811 
1247	 0.0941840 
1248	 0.0866140 
1249	 0.0947950 
1250	 0.0962400 
1251	 0.1052730 
1252	 0.0936530 
1253	 0.0956469 
1254	 0.0939821 
1255	 0.0942921 
1256	 0.0979471 
1257	 0.0970760 
1258	 0.0999100 
1259	 0.0890969 
1260	 0.0983179 
1261	 0.0958699 
1262	 0.0951150 
1263	 0.0911580 
1264	 0.0967840 
1265	 0.0939991 
1266	 0.0921099 
1267	 0.0976730 
1268	 0.0947771 
1269	 0.0941120 
1270	 0.0965289 
1271	 0.1068521 
1272	 1.2405051 
1273	 0.0451381 
1274	 0.0401951 
1275	 0.0408170 
1276	 0.0446209 
1277	 0.0421400 
1278	 0.0431451 
1279	 0.0425349 
1280	 0.0419540 
1281	 0.0416141 
1282	 0.0395210 
1283	 0.0423140 
1284	 0.0370790 
1285	 0.0448579 
1286	 0.0390509 
1287	 0.0374139 
1288	 0.0405809 
1289	 0.0472590 
1290	 0.0378239 
1291	 0.0515561 
1292	 0.0444499 
1293	 0.0435009 
1294	 0.1473730 
1295	 0.0511629 
1296	 0.0456339 
1297	 0.0498671 
1298	 0.0476569 
1299	 0.0414520 
1300	 0.0438190 
1301	 0.0501910 
1302	 0.0530140 
1303	 0.0502360 
1304	 0.0502090 
1305	 0.0478060 
1306	 0.0458590 
1307	 0.0442131 
1308	 0.0473461 
1309	 0.0516989 
1310	 0.0500231 
1311	 0.0466189 
1312	 0.0477001 
1313	 0.0497880 
1314	 0.0546940 
1315	 0.0481790 
1316	 0.0496451 
1317	 0.0480780 
1318	 0.0492061 
1319	 0.1998811 
1320	 0.0659330 
1321	 0.0516101 
1322	 0.0535870 
1323	 0.0562400 
1324	 0.0522080 
1325	 0.0488349 
1326	 0.0545450 
1327	 0.0547500 
1328	 0.0497599 
1329	 0.0472111 
1330	 0.0495909 
1331	 0.0643410 
1332	 0.0502030 
1333	 0.0531371 
1334	 0.0502489 
1335	 0.0489850 
1336	 0.0499369 
1337	 0.0512500 
1338	 0.0527930 
1339	 0.0511650 
1340	 0.0484930 
1341	 0.0541690 
1342	 0.0501969 
1343	 0.0537990 
1344	 0.0541241 
1345	 0.0452999 
1346	 0.0562700 
1347	 0.0509959 
1348	 0.0492089 
1349	 0.0592740 
1350	 0.0578440 
1351	 0.0611889 
1352	 0.0561399 
1353	 0.0556591 
1354	 0.0508150 
1355	 0.0531039 
1356	 0.0577201 
1357	 0.0530941 
1358	 0.0568161 
1359	 0.0537820 
1360	 0.0459320 
1361	 0.0546990 
1362	 0.0547500 
1363	 0.0453639 
1364	 0.0593640 
1365	 0.0561940 
1366	 0.0592971 
1367	 0.0560300 
1368	 0.0560731 
1369	 0.0592431 
1370	 0.0530581 
1371	 0.0629161 
1372	 0.0547970 
1373	 0.0578590 
1374	 0.0528740 
1375	 0.0526781 
1376	 0.0630980 
1377	 0.0518571 
1378	 0.0587021 
1379	 0.0559429 
1380	 0.0569700 
1381	 0.0551991 
1382	 0.0547411 
1383	 0.0544849 
1384	 0.0579720 
1385	 0.0584030 
1386	 0.0646081 
1387	 0.0555851 
1388	 0.0590410 
1389	 0.0572061 
1390	 0.0567250 
1391	 0.0581150 
1392	 0.0585539 
1393	 0.0589870 
1394	 0.0620011 
1395	 0.0597200 
1396	 0.0595730 
1397	 0.0593761 
1398	 0.0591171 
1399	 0.0657850 
1400	 0.0595169 
1401	 0.0574971 
1402	 0.0596390 
1403	 0.0578001 
1404	 0.0617520 
1405	 0.0573571 
1406	 0.0607450 
1407	 0.0576151 
1408	 0.0620720 
1409	 0.0574490 
1410	 0.0516700 
1411	 0.0534000 
1412	 0.0659671 
1413	 0.0566619 
1414	 0.0598921 
1415	 0.0610349 
1416	 0.0607160 
1417	 0.0582069 
1418	 0.0623340 
1419	 0.0695919 
1420	 0.0635800 
1421	 0.0585049 
1422	 0.0585911 
1423	 0.0599590 
1424	 0.0605969 
1425	 0.0581641 
1426	 0.0637629 
1427	 0.0610441 
1428	 0.0619910 
1429	 0.0592600 
1430	 0.0617220 
1431	 0.0664029 
1432	 0.0599319 
1433	 0.0617870 
1434	 0.0646499 
1435	 0.0627571 
1436	 0.0641051 
1437	 0.0640801 
1438	 0.0622309 
1439	 0.0715459 
1440	 0.0625511 
1441	 0.0631069 
1442	 0.0635530 
1443	 0.0671739 
1444	 0.0644861 
1445	 0.0621051 
1446	 0.0662539 
1447	 0.0617760 
1448	 0.0642159 
1449	 0.0664241 
1450	 0.0676099 
1451	 0.0645901 
1452	 0.0608581 
1453	 0.0640449 
1454	 0.0647330 
1455	 0.0627889 
1456	 0.0645759 
1457	 0.0620899 
1458	 0.0598930 
1459	 0.0747329 
1460	 0.0699451 
1461	 0.0616070 
1462	 0.0624979 
1463	 0.0620841 
1464	 0.0685870 
1465	 0.0649001 
1466	 0.0639439 
1467	 0.0637640 
1468	 0.0648769 
1469	 0.0685159 
1470	 0.0676349 
1471	 0.0655659 
1472	 0.0660560 
1473	 0.0657951 
1474	 0.0669271 
1475	 0.0680340 
1476	 0.0667650 
1477	 0.0642331 
1478	 0.0691330 
1479	 0.0771540 
1480	 0.0652480 
1481	 0.0686650 
1482	 0.0638099 
1483	 0.0704180 
1484	 0.0638230 
1485	 0.0699219 
1486	 0.0661991 
1487	 0.0682659 
1488	 0.0664011 
1489	 0.0705519 
1490	 0.0657741 
1491	 0.0683179 
1492	 0.0692649 
1493	 0.0683219 
1494	 0.0744651 
1495	 0.0636151 
1496	 0.0705969 
1497	 0.0714531 
1498	 0.0683029 
1499	 0.0785870 
1500	 0.0703749 
1501	 0.0696801 
1502	 0.0657170 
1503	 0.0674200 
1504	 0.0701701 
1505	 0.0704090 
1506	 0.0685610 
1507	 0.0715589 
1508	 0.0708891 
1509	 0.0681819 
1510	 0.0725019 
1511	 0.0731541 
1512	 0.0712490 
1513	 0.0729220 
1514	 0.0703280 
1515	 0.0706731 
1516	 0.0716781 
1517	 0.0719841 
1518	 0.0706051 
1519	 0.0775070 
1520	 0.0714389 
1521	 0.0713411 
1522	 0.0702411 
1523	 0.0709709 
1524	 0.0718429 
1525	 0.0682811 
1526	 0.0730311 
1527	 0.0727051 
1528	 0.0725371 
1529	 0.0695480 
1530	 0.0742110 
1531	 0.0695450 
1532	 0.0762941 
1533	 0.0691850 
1534	 0.0731370 
1535	 0.0742301 
1536	 0.0725450 
1537	 0.0707311 
1538	 0.0763751 
1539	 0.0846190 
1540	 0.0719550 
1541	 0.0753710 
1542	 0.0749589 
1543	 0.0725279 
1544	 0.0732451 
1545	 0.0740391 
1546	 0.0743781 
1547	 0.0718879 
1548	 0.0717820 
1549	 0.0731301 
1550	 0.0713841 
1551	 0.0750020 
1552	 0.0769611 
1553	 0.0773591 
1554	 0.0722489 
1555	 0.0791701 
1556	 0.0758981 
1557	 0.0745649 
1558	 0.0728080 
1559	 0.0816980 
1560	 0.0765490 
1561	 0.0764620 
1562	 0.0812651 
1563	 0.0778239 
1564	 0.0799461 
1565	 0.0757761 
1566	 0.0767721 
1567	 0.0756739 
1568	 0.0757150 
1569	 0.0814371 
1570	 0.0802529 
1571	 0.0772739 
1572	 0.0786720 
1573	 0.0741181 
1574	 0.0763601 
1575	 0.0799739 
1576	 0.0779801 
1577	 0.0786519 
1578	 0.0742009 
1579	 0.0864430 
1580	 0.0813549 
1581	 0.0793650 
1582	 0.0798750 
1583	 0.0760961 
1584	 0.0830759 
1585	 0.0850299 
1586	 0.0766100 
1587	 0.0742731 
1588	 0.0844750 
1589	 0.0834350 
1590	 0.0779369 
1591	 0.0931999 
1592	 0.0845911 
1593	 0.0832039 
1594	 0.0811280 
1595	 0.0856120 
1596	 0.0849490 
1597	 0.0792810 
1598	 0.0861150 
1599	 0.0887831 
1600	 0.0823110 
1601	 0.0796081 
1602	 0.0828019 
1603	 0.0884061 
1604	 0.0772611 
1605	 0.0871269 
1606	 0.0818689 
1607	 0.0787640 
1608	 0.0854079 
1609	 0.0854239 
1610	 0.0818371 
1611	 0.0849570 
1612	 0.0832201 
1613	 0.0815481 
1614	 0.0872731 
1615	 0.0850139 
1616	 0.0811150 
1617	 0.0853710 
1618	 0.0853240 
1619	 0.0903490 
1620	 0.0868601 
1621	 0.0848471 
1622	 0.0860299 
1623	 0.0872160 
1624	 0.0822390 
1625	 0.0881310 
1626	 0.0863190 
1627	 0.0859980 
1628	 0.0875459 
1629	 0.0836441 
1630	 0.0849880 
1631	 0.0839801 
1632	 0.0863740 
1633	 0.0858950 
1634	 0.0883989 
1635	 0.0914789 
1636	 0.0900420 
1637	 0.0853050 
1638	 0.0888790 
1639	 0.0928351 
1640	 0.0874989 
1641	 0.0892159 
1642	 0.0855969 
1643	 0.7288110 
1644	 0.4109749 
1645	 0.0467549 
1646	 0.0435789 
1647	 0.0466331 
1648	 0.0417479 
1649	 0.0464060 
1650	 0.0463129 
1651	 0.1426190 
1652	 0.0481951 
1653	 0.0480760 
1654	 0.0454860 
1655	 0.0459811 
1656	 0.0405959 
1657	 0.0478539 
1658	 0.0494510 
1659	 0.0542380 
1660	 0.0433030 
1661	 0.0451639 
1662	 0.0504441 
1663	 0.0470479 
1664	 0.0504071 
1665	 0.0527860 
1666	 0.0493309 
1667	 0.0469671 
1668	 0.0466799 
1669	 0.0511830 
1670	 0.0503180 
1671	 0.0478589 
1672	 0.0459019 
1673	 0.0473891 
1674	 0.0471381 
1675	 0.0519881 
1676	 0.0483371 
1677	 0.1871600 
1678	 0.0754539 
1679	 0.0554390 
1680	 0.0462200 
1681	 0.0432619 
1682	 0.0551360 
1683	 0.0531219 
1684	 0.0487661 
1685	 0.0469981 
1686	 0.0507389 
1687	 0.0553790 
1688	 0.0498060 
1689	 0.0496250 
1690	 0.0486900 
1691	 0.0523529 
1692	 0.0506010 
1693	 0.0528061 
1694	 0.0514621 
1695	 0.0470470 
1696	 0.0486209 
1697	 0.0555749 
1698	 0.0574130 
1699	 0.0531490 
1700	 0.0559061 
1701	 0.0513221 
1702	 0.0419639 
1703	 0.0543211 
1704	 0.0504180 
1705	 0.0497569 
1706	 0.0542929 
1707	 0.0553180 
1708	 0.0492820 
1709	 0.0631219 
1710	 0.0529581 
1711	 0.0534111 
1712	 0.0592829 
1713	 0.0522189 
1714	 0.0536110 
1715	 0.0561759 
1716	 0.0497329 
1717	 0.0556680 
1718	 0.0552050 
1719	 0.0507451 
1720	 0.0540501 
1721	 0.0538981 
1722	 0.0523639 
1723	 0.0558950 
1724	 0.0512119 
1725	 0.0568320 
1726	 0.0569380 
1727	 0.0531791 
1728	 0.0527730 
1729	 0.0517880 
1730	 0.0562480 
1731	 0.0546870 
1732	 0.0587620 
1733	 0.0527319 
1734	 0.0577430 
1735	 0.0580920 
1736	 0.0530581 
1737	 0.0562881 
1738	 0.0577130 
1739	 0.0550600 
1740	 0.0531710 
1741	 0.0610239 
1742	 0.0577071 
1743	 0.0559900 
1744	 0.0541080 
1745	 0.0528220 
1746	 0.0568750 
1747	 0.0594800 
1748	 0.0474579 
1749	 0.0560550 
1750	 0.0549711 
1751	 0.0596631 
1752	 0.0570269 
1753	 0.0619971 
1754	 0.0522600 
1755	 0.0585239 
1756	 0.0559551 
1757	 0.0600220 
1758	 0.0560781 
1759	 0.0570140 
1760	 0.0571949 
1761	 0.0595361 
1762	 0.0595589 
1763	 0.0597980 
1764	 0.0611299 
1765	 0.0573479 
1766	 0.0579799 
1767	 0.0553940 
1768	 0.0610821 
1769	 0.0583650 
1770	 0.0546471 
1771	 0.0557181 
1772	 0.0617749 
1773	 0.0615059 
1774	 0.0598689 
1775	 0.0579959 
1776	 0.0575590 
1777	 0.0602051 
1778	 0.0605610 
1779	 0.0618510 
1780	 0.0620080 
1781	 0.0612041 
1782	 0.0660139 
1783	 0.0598130 
1784	 0.0609040 
1785	 0.0608500 
1786	 0.0618160 
1787	 0.0641940 
1788	 0.0619321 
1789	 0.0616391 
1790	 0.0659951 
1791	 0.0620839 
1792	 0.0628731 
1793	 0.0614191 
1794	 0.0665821 
1795	 0.0587939 
1796	 0.0642979 
1797	 0.0629411 
1798	 0.0635951 
1799	 0.0645221 
1800	 0.0657660 
1801	 0.0621170 
1802	 0.0661020 
1803	 0.0654889 
1804	 0.0610329 
1805	 0.0604731 
1806	 0.0663960 
1807	 0.0603411 
1808	 0.0666431 
1809	 0.0655791 
1810	 0.0619041 
1811	 0.0661529 
1812	 0.0637170 
1813	 0.0640480 
1814	 0.0646650 
1815	 0.0631700 
1816	 0.0602660 
1817	 0.0599760 
1818	 0.0621189 
1819	 0.0641661 
1820	 0.0612839 
1821	 0.0656690 
1822	 0.0661579 
1823	 0.0633080 
1824	 0.0638400 
1825	 0.0674859 
1826	 0.0640579 
1827	 0.0666999 
1828	 0.0656181 
1829	 0.0654650 
1830	 0.0662390 
1831	 0.0675820 
1832	 0.0680269 
1833	 0.0659900 
1834	 0.0684959 
1835	 0.0714949 
1836	 0.0632150 
1837	 0.0683490 
1838	 0.0647480 
1839	 0.0671969 
1840	 0.0651000 
1841	 0.0684550 
1842	 0.0679240 
1843	 0.0696729 
1844	 0.0668420 
1845	 0.0693420 
1846	 0.0665221 
1847	 0.0657841 
1848	 0.0685110 
1849	 0.0649269 
1850	 0.0665110 
1851	 0.0691240 
1852	 0.0655300 
1853	 0.0694420 
1854	 0.0604030 
1855	 0.0663470 
1856	 0.0723401 
1857	 0.0676570 
1858	 0.0706781 
1859	 0.0700251 
1860	 0.0689560 
1861	 0.0649901 
1862	 0.0681139 
1863	 0.0695701 
1864	 0.0652511 
1865	 0.0662291 
1866	 0.0724399 
1867	 0.0723801 
1868	 0.0724930 
1869	 0.0696751 
1870	 0.0733019 
1871	 0.0701190 
1872	 0.0758170 
1873	 0.0691311 
1874	 0.0678690 
1875	 0.0728270 
1876	 0.0698949 
1877	 0.0738711 
1878	 0.0679279 
1879	 0.0691180 
1880	 0.0719901 
1881	 0.0732029 
1882	 0.0695519 
1883	 0.0701509 
1884	 0.0727200 
1885	 0.0758591 
1886	 0.0785801 
1887	 0.0816270 
1888	 0.0829771 
1889	 0.0831060 
1890	 0.0848671 
1891	 0.0822000 
1892	 0.0839880 
1893	 0.0832511 
1894	 0.0805020 
1895	 0.0842321 
1896	 0.0747759 
1897	 0.0750100 
1898	 0.0742590 
1899	 0.0729200 
1900	 0.0719399 
1901	 0.0719740 
1902	 0.0688000 
1903	 0.0721470 
1904	 0.0720001 
1905	 0.0709430 
1906	 0.0769339 
1907	 0.0778639 
1908	 0.0754559 
1909	 0.0755249 
1910	 0.0782181 
1911	 0.0755640 
1912	 0.0723839 
1913	 0.0726059 
1914	 0.0726569 
1915	 0.0756791 
1916	 0.0773960 
1917	 0.0787869 
1918	 0.0790900 
1919	 0.0798230 
1920	 0.0757180 
1921	 0.0745161 
1922	 0.0762031 
1923	 0.0763790 
1924	 0.0805329 
1925	 0.0777100 
1926	 0.0794361 
1927	 0.0758869 
1928	 0.0740631 
1929	 0.0746889 
1930	 0.0757231 
1931	 0.0785871 
1932	 0.0767370 
1933	 0.0776191 
1934	 0.0771580 
1935	 0.0784779 
1936	 0.0817861 
1937	 0.0779319 
1938	 0.0751290 
1939	 0.0814259 
1940	 0.0825029 
1941	 0.0844550 
1942	 0.0816970 
1943	 0.0770610 
1944	 0.0849560 
1945	 0.0837270 
1946	 0.0800180 
1947	 0.0835620 
1948	 0.0792799 
1949	 0.0823891 
1950	 0.0713499 
1951	 0.0845450 
1952	 0.0777440 
1953	 0.0805480 
1954	 0.0775939 
1955	 0.0840699 
1956	 0.0845489 
1957	 0.0792420 
1958	 0.0825351 
1959	 0.0816381 
1960	 0.0806631 
1961	 0.0818670 
1962	 0.0848079 
1963	 0.0843810 
1964	 0.0830971 
1965	 0.0859309 
1966	 0.0836649 
1967	 0.0839929 
1968	 0.0869501 
1969	 0.0837371 
1970	 0.0871010 
1971	 0.0883169 
1972	 0.0829960 
1973	 0.0846040 
1974	 0.0870979 
1975	 0.0812479 
1976	 0.0857450 
1977	 0.0836880 
1978	 0.0808510 
1979	 0.0876440 
1980	 0.0846530 
1981	 0.0879820 
1982	 0.0861491 
1983	 0.0814429 
1984	 0.0885880 
1985	 0.0795520 
1986	 0.0857521 
1987	 0.0872020 
1988	 0.0799190 
1989	 0.0867320 
1990	 0.0824800 
1991	 0.0916950 
1992	 0.0885221 
1993	 0.0908500 
1994	 0.0842069 
1995	 0.0862100 
1996	 0.0895749 
1997	 0.0841851 
1998	 0.0871291 
1999	 0.0843879 
2000	 0.0905701 
2001	 0.0858340 
2002	 0.0884089 
2003	 0.0889019 
2004	 0.0911611 
2005	 0.0889521 
2006	 0.0884729 
2007	 0.0886060 
2008	 0.0906280 
2009	 0.0882389 
2010	 0.0877500 
2011	 0.0887870 
2012	 0.0919770 
2013	 0.0867059 
2014	 0.0891429 
2015	 0.0909430 
2016	 0.0832960 
2017	 0.0873210 
2018	 0.0916870 
2019	 0.0889699 
2020	 0.0893761 
2021	 0.0938771 
2022	 0.1983240 
2023	 0.0894999 
2024	 0.0910611 
2025	 0.0911431 
2026	 0.0910891 
2027	 0.0888111 
2028	 0.0894970 
2029	 0.0900059 
2030	 0.0906781 
2031	 0.0901671 
2032	 0.0909990 
2033	 0.0923251 
2034	 0.0933379 
2035	 0.0917150 
2036	 0.0930649 
2037	 0.0894291 
2038	 0.0930160 
2039	 0.0904351 
2040	 0.0991201 
2041	 0.1040990 
2042	 0.1007420 
2043	 0.1022210 
2044	 0.1048381 
2045	 0.1008070 
2046	 0.1022129 
2047	 0.1014370 
2048	 0.1037830 
2049	 0.0934110 
2050	 0.0923580 
2051	 0.0911419 
2052	 0.0980860 
2053	 0.0928769 
2054	 0.0935770 
2055	 0.0953530 
2056	 0.0951470 
2057	 0.0933380 
2058	 0.0912961 
2059	 0.0950089 
2060	 0.0924810 
2061	 0.0921600 
2062	 0.0937631 
2063	 0.0947469 
2064	 0.0947199 
2065	 0.0961651 
2066	 0.0938440 
2067	 0.0954290 
2068	 0.0941081 
2069	 0.0962860 
2070	 0.0906000 
2071	 0.0951461 
2072	 0.0951809 
2073	 0.0954270 
2074	 0.0933670 
2075	 0.0966600 
2076	 0.0967650 
2077	 0.0889961 
2078	 0.0955659 
2079	 0.0938889 
2080	 0.1031870 
2081	 0.0980741 
2082	 0.0963631 
2083	 0.0980519 
2084	 0.0971929 
2085	 0.0970840 
2086	 0.0979541 
2087	 0.0973001 
2088	 0.0942639 
2089	 0.0970659 
2090	 0.1002450 
2091	 0.0994221 
2092	 0.0992929 
2093	 0.0911220 
2094	 0.1025429 
2095	 0.0932541 
2096	 0.0999800 
2097	 0.0971801 
2098	 0.0986161 
2099	 0.1018050 
2100	 0.0992321 
2101	 0.0991689 
2102	 0.0999429 
2103	 0.1017260 
2104	 0.0984411 
2105	 0.0985610 
2106	 0.0979080 
2107	 0.0987310 
2108	 0.1007611 
2109	 1.3833399 
2110	 0.1432389 
2111	 0.0467900 
2112	 0.0570531 
2113	 0.0489281 
2114	 0.0497651 
2115	 0.0470660 
2116	 0.0462460 
2117	 0.0462999 
2118	 0.0464839 
2119	 0.0498290 
2120	 0.0506621 
2121	 0.0480020 
2122	 0.0506740 
2123	 0.0462341 
2124	 0.0458649 
2125	 0.0501859 
2126	 0.0534240 
2127	 0.0477659 
2128	 0.0450540 
2129	 0.0489570 
2130	 0.0473409 
2131	 0.0483360 
2132	 0.0525669 
2133	 0.0499531 
2134	 0.0462340 
2135	 0.0521339 
2136	 0.0548500 
2137	 0.0474730 
2138	 0.0457129 
2139	 0.0480299 
2140	 0.0529770 
2141	 0.0508411 
2142	 0.0478289 
2143	 0.0504710 
2144	 0.0506920 
2145	 0.0506519 
2146	 0.0484030 
2147	 0.0538721 
2148	 0.0693871 
2149	 0.0476761 
2150	 0.0547391 
2151	 0.0546801 
2152	 0.0499809 
2153	 0.0544059 
2154	 0.0537799 
2155	 0.0521230 
2156	 0.0471749 
2157	 0.0498971 
2158	 0.0532189 
2159	 0.0477841 
2160	 0.0517009 
2161	 0.0518540 
2162	 0.0533871 
2163	 0.0563099 
2164	 0.0586801 
2165	 0.0521440 
2166	 0.0510740 
2167	 0.0469620 
2168	 0.0532760 
2169	 0.0548641 
2170	 0.0520649 
2171	 0.0534669 
2172	 0.0525310 
2173	 0.0541849 
2174	 0.0499560 
2175	 0.0588661 
2176	 0.0563780 
2177	 0.0556129 
2178	 0.0519289 
2179	 0.0530181 
2180	 0.0574381 
2181	 0.0527761 
2182	 0.0515191 
2183	 0.0609041 
2184	 0.0537031 
2185	 0.0487400 
2186	 0.0586579 
2187	 0.0571969 
2188	 0.0554839 
2189	 0.0538499 
2190	 0.0611590 
2191	 0.0529321 
2192	 0.0576371 
2193	 0.0566100 
2194	 0.0596690 
2195	 0.0593099 
2196	 0.0581951 
2197	 0.0573449 
2198	 0.0589460 
2199	 0.0577089 
2200	 0.0541050 
2201	 0.0626139 
2202	 0.0576030 
2203	 0.0615139 
2204	 0.0544879 
2205	 0.0598361 
2206	 0.0559671 
2207	 0.0530551 
2208	 0.0551861 
2209	 0.0558201 
2210	 0.0599481 
2211	 0.0553199 
2212	 0.0576179 
2213	 0.0608560 
2214	 0.0530169 
2215	 0.0583280 
2216	 0.0618499 
2217	 0.0550190 
2218	 0.0582599 
2219	 0.0612059 
2220	 0.0610710 
2221	 0.0598689 
2222	 0.0605459 
2223	 0.0586589 
2224	 0.0569041 
2225	 0.0562489 
2226	 0.0576890 
2227	 0.0611040 
2228	 0.0594679 
2229	 0.0639021 
2230	 0.0597160 
2231	 0.0588959 
2232	 0.0612530 
2233	 0.0646969 
2234	 0.0611430 
2235	 0.0605611 
2236	 0.0563800 
2237	 0.0566901 
2238	 0.0637710 
2239	 0.0598211 
2240	 0.0620701 
2241	 0.0627380 
2242	 0.0584470 
2243	 0.0614719 
2244	 0.0638941 
2245	 0.0586170 
2246	 0.0642540 
2247	 0.0609459 
2248	 0.0581931 
2249	 0.0667971 
2250	 0.0602510 
2251	 0.0601839 
2252	 0.0647800 
2253	 0.0596211 
2254	 0.0573669 
2255	 0.0644141 
2256	 0.0631401 
2257	 0.0615159 
2258	 0.0613359 
2259	 0.0659841 
2260	 0.0620989 
2261	 0.0666259 
2262	 0.0627331 
2263	 0.0644540 
2264	 0.0631881 
2265	 0.0639480 
2266	 0.0658290 
2267	 0.0644890 
2268	 0.0640430 
2269	 0.0631039 
2270	 0.0669680 
2271	 0.0641390 
2272	 0.0645891 
2273	 0.0659280 
2274	 0.0645349 
2275	 0.0677319 
2276	 0.0691590 
2277	 0.0656260 
2278	 0.0671240 
2279	 0.0653380 
2280	 0.0683600 
2281	 0.0649949 
2282	 0.0680941 
2283	 0.0669799 
2284	 0.0657849 
2285	 0.0689129 
2286	 0.0666269 
2287	 0.0615540 
2288	 0.0730080 
2289	 0.0657530 
2290	 0.0690301 
2291	 0.0679629 
2292	 0.0691350 
2293	 0.0613130 
2294	 0.0697669 
2295	 0.0647239 
2296	 0.0634320 
2297	 0.0669491 
2298	 0.0700069 
2299	 0.0641751 
2300	 0.0681491 
2301	 0.0690279 
2302	 0.0717170 
2303	 0.0678861 
2304	 0.0680041 
2305	 0.0702190 
2306	 0.0713901 
2307	 0.0687090 
2308	 0.0707329 
2309	 0.0677191 
2310	 0.0698049 
2311	 0.0691420 
2312	 0.0724800 
2313	 0.0720160 
2314	 0.0702781 
2315	 0.0707429 
2316	 0.0685820 
2317	 0.0694160 
2318	 0.0682941 
2319	 0.0678910 
2320	 0.0715161 
2321	 0.0695880 
2322	 0.0705160 
2323	 0.0744690 
2324	 0.0709691 
2325	 0.0730191 
2326	 0.0685640 
2327	 0.0642920 
2328	 0.0693021 
2329	 0.0659741 
2330	 0.0724100 
2331	 0.0680440 
2332	 0.0696150 
2333	 0.0702360 
2334	 0.0723790 
2335	 0.0719561 
2336	 0.0693390 
2337	 0.0710611 
2338	 0.0754240 
2339	 0.0764080 
2340	 0.0731981 
2341	 0.0736359 
2342	 0.0723560 
2343	 0.0715931 
2344	 0.0734310 
2345	 0.0728461 
2346	 0.0719510 
2347	 0.0737509 
2348	 0.0682130 
2349	 0.0705591 
2350	 0.0683430 
2351	 0.0723701 
2352	 0.0681539 
2353	 0.0737731 
2354	 0.0696089 
2355	 0.0691851 
2356	 0.0746740 
2357	 0.0754850 
2358	 0.0751781 
2359	 0.0739990 
2360	 0.0754221 
2361	 0.0773869 
2362	 0.0766760 
2363	 0.0775011 
2364	 0.0769410 
2365	 0.1975480 
2366	 0.0705770 
2367	 0.0729141 
2368	 0.0738050 
2369	 0.0733631 
2370	 0.0763210 
2371	 0.0786271 
2372	 0.0758010 
2373	 0.0767220 
2374	 0.0723210 
2375	 0.0677020 
2376	 0.0773481 
2377	 0.0747289 
2378	 0.0789049 
2379	 0.0762110 
2380	 0.0778570 
2381	 0.0796881 
2382	 0.0762010 
2383	 0.0729440 
2384	 0.0755530 
2385	 0.0754550 
2386	 0.0817560 
2387	 0.0785830 
2388	 0.0793391 
2389	 0.0762110 
2390	 0.0740890 
2391	 0.0682949 
2392	 0.0814279 
2393	 0.0822670 
2394	 0.0772701 
2395	 0.0771931 
2396	 0.0788849 
2397	 0.0806400 
2398	 0.0818669 
2399	 0.0805459 
2400	 0.0766030 
2401	 0.0846499 
2402	 0.0847141 
2403	 0.0784231 
2404	 0.0786180 
2405	 0.0852659 
2406	 0.0810100 
2407	 0.0779980 
2408	 0.0822560 
2409	 0.0824120 
2410	 0.0802621 
2411	 0.0780489 
2412	 0.0806931 
2413	 0.0840480 
2414	 0.0814691 
2415	 0.0860051 
2416	 0.0880540 
2417	 0.0833080 
2418	 0.0766599 
2419	 0.0852440 
2420	 0.0818191 
2421	 0.0797511 
2422	 0.0841910 
2423	 0.0833440 
2424	 0.0876320 
2425	 0.0832381 
2426	 0.0839511 
2427	 0.0818330 
2428	 0.0843440 
2429	 0.0774380 
2430	 0.0807339 
2431	 0.0856360 
2432	 0.0806000 
2433	 0.0852039 
2434	 0.0898800 
2435	 0.0832960 
2436	 0.0842341 
2437	 0.0900059 
2438	 0.0843300 
2439	 0.0872119 
2440	 0.0891300 
2441	 0.0869829 
2442	 0.0943851 
2443	 0.0886309 
2444	 0.0845600 
2445	 0.0853599 
2446	 0.0837619 
2447	 0.0903729 
2448	 0.0808389 
2449	 0.0860030 
2450	 0.0729289 
2451	 0.0768340 
2452	 0.0766140 
2453	 0.0792550 
2454	 0.0767570 
2455	 0.0777830 
2456	 0.0817470 
2457	 0.0783069 
2458	 0.0807860 
2459	 0.0764651 
2460	 0.0769199 
2461	 0.0756300 
2462	 0.8116890 
2463	 0.1869069 
2464	 0.0359151 
2465	 0.0356031 
2466	 0.0358891 
2467	 0.0856479 
2468	 0.0407449 
2469	 0.0445661 
2470	 0.0416070 
2471	 0.0432861 
2472	 0.0423640 
2473	 0.0506170 
2474	 0.0494091 
2475	 0.0364129 
2476	 0.0394210 
2477	 0.0416131 
2478	 0.0433259 
2479	 0.0446321 
2480	 0.0469540 
2481	 0.0362040 
2482	 0.0477370 
2483	 0.0388109 
2484	 0.0418661 
2485	 0.0419710 
2486	 0.0423239 
2487	 0.0405190 
2488	 0.0395021 
2489	 0.0429170 
2490	 0.0474680 
2491	 0.0419411 
2492	 0.0435681 
2493	 0.0416949 
2494	 0.0454079 
2495	 0.0461030 
2496	 0.0476990 
2497	 0.0466490 
2498	 0.0491011 
2499	 0.0466481 
2500	 0.0430880 
2501	 0.0456841 
2502	 0.0559429 
2503	 0.0460500 
2504	 0.0436959 
2505	 0.0488661 
2506	 0.0496239 
2507	 0.0505980 
2508	 0.0499741 
2509	 0.0510690 
2510	 0.0491030 
2511	 0.0435750 
2512	 0.0480860 
2513	 0.0474991 
2514	 0.0423290 
2515	 0.0413730 
2516	 0.0459899 
2517	 0.0404680 
2518	 0.0439470 
2519	 0.0462960 
2520	 0.0398419 
2521	 0.0433811 
2522	 0.0539140 
2523	 0.0425460 
2524	 0.0376900 
2525	 0.0462739 
2526	 0.0409861 
2527	 0.0447271 
2528	 0.0453770 
2529	 0.0405449 
2530	 0.0456270 
2531	 0.0423510 
2532	 0.0415150 
2533	 0.0454559 
2534	 0.0421001 
2535	 0.0435609 
2536	 0.0479621 
2537	 0.0458090 
2538	 0.0555420 
2539	 0.0512349 
2540	 0.0489899 
2541	 0.0532381 
2542	 0.0521229 
2543	 0.0503829 
2544	 0.0458330 
2545	 0.0447860 
2546	 0.0505631 
2547	 0.0433329 
2548	 0.0513761 
2549	 0.0451261 
2550	 0.0475739 
2551	 0.0454801 
2552	 0.0440190 
2553	 0.0442061 
2554	 0.0457869 
2555	 0.0476679 
2556	 0.0458280 
2557	 0.0481950 
2558	 0.0428079 
2559	 0.0485860 
2560	 0.0456750 
2561	 0.0484990 
2562	 0.0511170 
2563	 0.0414321 
2564	 0.0410280 
2565	 0.0477260 
2566	 0.0443570 
2567	 0.0491219 
2568	 0.0435790 
2569	 0.0407261 
2570	 0.0456880 
2571	 0.0485259 
2572	 0.0507270 
2573	 0.0453189 
2574	 0.0503129 
2575	 0.0516530 
2576	 0.0457230 
2577	 0.0463589 
2578	 0.0490731 
2579	 0.0468861 
2580	 0.0498650 
2581	 0.0445430 
2582	 0.0578650 
2583	 0.0463920 
2584	 0.0497420 
2585	 0.0493799 
2586	 0.0484169 
2587	 0.0486910 
2588	 0.0465839 
2589	 0.0502811 
2590	 0.0480629 
2591	 0.0480219 
2592	 0.0481949 
2593	 0.0465681 
2594	 0.0486110 
2595	 0.0484410 
2596	 0.0481139 
2597	 0.0481740 
2598	 0.0526430 
2599	 0.0575721 
2600	 0.0569810 
2601	 0.0573711 
2602	 0.0655799 
2603	 0.0523911 
2604	 0.0561649 
2605	 0.0582100 
2606	 0.0579191 
2607	 0.0586490 
2608	 0.0593240 
2609	 0.0587561 
2610	 0.0487790 
2611	 0.0499399 
2612	 0.0505919 
2613	 0.0471930 
2614	 0.0492769 
2615	 0.0483730 
2616	 0.0463651 
2617	 0.0477799 
2618	 0.0488751 
2619	 0.0465550 
2620	 0.0494230 
2621	 0.0491949 
2622	 0.0574500 
2623	 0.0525779 
2624	 0.0514111 
2625	 0.0497669 
2626	 0.0477560 
2627	 0.0505740 
2628	 0.0514530 
2629	 0.0546090 
2630	 0.0486081 
2631	 0.0486600 
2632	 0.0505571 
2633	 0.0474591 
2634	 0.0475721 
2635	 0.0526991 
2636	 0.0530660 
2637	 0.0514130 
2638	 0.0497910 
2639	 0.0512949 
2640	 0.0511410 
2641	 0.0447389 
2642	 0.0502541 
2643	 0.0498669 
2644	 0.0532260 
2645	 0.0528509 
2646	 0.0524400 
2647	 0.0480850 
2648	 0.0559829 
2649	 0.0567450 
2650	 0.0590311 
2651	 0.0547630 
2652	 0.0563839 
2653	 0.0504300 
2654	 0.0533541 
2655	 0.0539380 
2656	 0.0521910 
2657	 0.0552950 
2658	 0.0529640 
2659	 0.0545850 
2660	 0.0548349 
2661	 0.0539160 
2662	 0.0604999 
2663	 0.0521500 
2664	 0.0509369 
2665	 0.0542081 
2666	 0.0516559 
2667	 0.0515430 
2668	 0.0517639 
2669	 0.0507381 
2670	 0.0493441 
2671	 0.0524680 
2672	 0.0531210 
2673	 0.0561401 
2674	 0.0551919 
2675	 0.0555010 
2676	 0.0557400 
2677	 0.0523401 
2678	 0.0538360 
2679	 0.0523970 
2680	 0.0524070 
2681	 0.0542259 
2682	 0.0604870 
2683	 0.0527380 
2684	 0.0549690 
2685	 0.0544800 
2686	 0.0561200 
2687	 0.0530589 
2688	 0.0554941 
2689	 0.0563221 
2690	 0.0552789 
2691	 0.0551440 
2692	 0.0563420 
2693	 0.0551240 
2694	 0.0567430 
2695	 0.0554451 
2696	 0.0519131 
2697	 0.0505179 
2698	 0.0546099 
2699	 0.0524690 
2700	 0.0548990 
2701	 0.0551980 
2702	 0.0619919 
2703	 0.0563030 
2704	 0.0573761 
2705	 0.0586569 
2706	 0.0593401 
2707	 0.0556251 
2708	 0.0571260 
2709	 0.0548740 
2710	 0.0553650 
2711	 0.0542900 
2712	 0.0552841 
2713	 0.0557531 
2714	 0.0527270 
2715	 0.0533420 
2716	 0.0523251 
2717	 0.0537750 
2718	 0.0530150 
2719	 0.0542590 
2720	 0.0529281 
2721	 0.1894770 
2722	 0.0848430 
2723	 0.0648369 
2724	 0.0647501 
2725	 0.0650879 
2726	 0.0639641 
2727	 0.0608050 
2728	 0.0591130 
2729	 0.0647340 
2730	 0.0625151 
2731	 0.0621789 
2732	 0.0579159 
2733	 0.0585271 
2734	 0.0593010 
2735	 0.0575600 
2736	 0.0533331 
2737	 0.0554830 
2738	 0.0522150 
2739	 0.0580311 
2740	 0.0559491 
2741	 0.0547479 
2742	 0.0626361 
2743	 0.0551440 
2744	 0.0562200 
2745	 0.0552291 
2746	 0.0580540 
2747	 0.0631481 
2748	 0.0572900 
2749	 0.0562771 
2750	 0.0579141 
2751	 0.0577849 
2752	 0.0579829 
2753	 0.0574950 
2754	 0.0513311 
2755	 0.0595530 
2756	 0.0607929 
2757	 0.0588529 
2758	 0.0567400 
2759	 0.0602531 
2760	 0.0539470 
2761	 0.0592610 
2762	 0.0670430 
2763	 0.0610290 
2764	 0.0614711 
2765	 0.0587030 
2766	 0.0565540 
2767	 0.0657921 
2768	 0.0589059 
2769	 0.0561469 
2770	 0.0606030 
2771	 0.0620500 
2772	 0.0595049 
2773	 0.0603440 
2774	 0.0619671 
2775	 0.0597900 
2776	 0.0572569 
2777	 0.0616539 
2778	 0.0598449 
2779	 0.0631571 
2780	 0.0652630 
2781	 0.5962110 
2782	 0.1488771 
2783	 0.1638170 
2784	 0.0706389 
2785	 0.0771151 
2786	 0.0729449 
2787	 0.0721411 
2788	 0.0785370 
2789	 0.0734280 
2790	 0.0769581 
2791	 0.0744320 
2792	 0.0693490 
2793	 0.0785501 
2794	 0.0752809 
2795	 0.0752151 
2796	 0.0797869 
2797	 0.0733809 
2798	 0.0757411 
2799	 0.0743169 
2800	 0.0733940 
2801	 0.0795579 
2802	 0.0825410 
2803	 0.0769139 
2804	 0.0768410 
2805	 0.0740310 
2806	 0.0761690 
2807	 0.0652080 
2808	 0.0778840 
2809	 0.0759401 
2810	 0.0786880 
2811	 0.0776361 
2812	 0.0789210 
2813	 0.0776989 
2814	 0.0763950 
2815	 0.0764360 
2816	 0.0743561 
2817	 0.0778789 
2818	 0.0764431 
2819	 0.0795360 
2820	 0.0731189 
2821	 0.0805639 
2822	 0.0876331 
2823	 0.0762000 
2824	 0.0760811 
2825	 0.0823799 
2826	 0.0757051 
2827	 0.0774769 
2828	 0.0771529 
2829	 0.0784921 
2830	 0.0778829 
2831	 0.0822820 
2832	 0.0755551 
2833	 0.0811580 
2834	 0.0757931 
2835	 0.0758861 
2836	 0.0785741 
2837	 0.0829550 
2838	 0.0762311 
2839	 0.0799929 
2840	 0.0734880 
2841	 0.0806821 
2842	 0.0883291 
2843	 0.0756130 
2844	 0.0822141 
2845	 0.0779941 
2846	 0.0838479 
2847	 0.0779231 
2848	 0.0822061 
2849	 0.0821619 
2850	 0.0812669 
2851	 0.0856070 
2852	 0.0832871 
2853	 0.0838949 
2854	 0.0793371 
2855	 0.0795221 
2856	 0.0820089 
2857	 0.0791669 
2858	 0.0808861 
2859	 0.0835340 
2860	 0.0825849 
2861	 0.0801171 
2862	 0.0794869 
2863	 0.0798069 
2864	 0.0842599 
2865	 0.0841141 
2866	 0.0774360 
2867	 0.0807029 
2868	 0.0833680 
2869	 0.0820990 
2870	 0.0839661 
2871	 0.0837269 
2872	 0.0791591 
2873	 0.0849201 
2874	 0.0829930 
2875	 0.0847101 
2876	 0.0867249 
2877	 0.0865239 
2878	 0.0863231 
2879	 0.0850331 
2880	 0.0848450 
2881	 0.0826110 
2882	 0.0833941 
2883	 0.0842670 
2884	 0.0841101 
2885	 0.0834821 
2886	 0.0856070 
2887	 0.0845749 
2888	 0.0838209 
2889	 0.0832601 
2890	 0.0882529 
2891	 0.0877890 
2892	 0.0873260 
2893	 0.0892971 
2894	 0.0820731 
2895	 0.0833670 
2896	 0.0848959 
2897	 0.0864119 
2898	 0.0852780 
2899	 0.0937371 
2900	 0.0889680 
2901	 0.0857540 
2902	 0.0851820 
2903	 0.0854501 
2904	 0.0859459 
2905	 0.0881260 
2906	 0.0860160 
2907	 0.0869771 
2908	 0.0845081 
2909	 0.0866161 
2910	 0.0904190 
2911	 0.0858670 
2912	 0.0894881 
2913	 0.0882760 
2914	 0.0818441 
2915	 0.0972170 
2916	 0.0867690 
2917	 0.0853520 
2918	 0.0902600 
2919	 0.0885450 
2920	 0.0857010 
2921	 0.0864771 
2922	 0.0862621 
2923	 0.0901231 
2924	 0.0892529 
2925	 0.0881820 
2926	 0.0925630 
2927	 0.0843479 
2928	 0.0904611 
2929	 0.1000471 
2930	 0.0908489 
2931	 0.0920880 
2932	 0.0871581 
2933	 0.0872390 
2934	 0.0904220 
2935	 0.0887780 
2936	 0.0865079 
2937	 0.0895721 
2938	 0.3480609 
2939	 0.0425599 
2940	 0.0377309 
2941	 0.0439120 
2942	 0.0403920 
2943	 0.0438090 
2944	 0.0408701 
2945	 0.0445079 
2946	 0.0450200 
2947	 0.0428340 
2948	 0.0435030 
2949	 0.0418390 
2950	 0.0397979 
2951	 0.0427820 
2952	 0.0444441 
2953	 0.0460379 
2954	 0.0402219 
2955	 0.0428311 
2956	 0.0440571 
2957	 0.0464521 
2958	 0.0418719 
2959	 0.0427529 
2960	 0.0482441 
2961	 0.0495501 
2962	 0.0462130 
2963	 0.0464919 
2964	 0.0482389 
2965	 0.0457700 
2966	 0.0447620 
2967	 0.0464189 
2968	 0.0395381 
2969	 0.0445349 
2970	 0.0476301 
2971	 0.0489100 
2972	 0.0438099 
2973	 0.0471640 
2974	 0.0477571 
2975	 0.0462360 
2976	 0.0462650 
2977	 0.0464551 
2978	 0.0428450 
2979	 0.0494429 
2980	 0.0508299 
2981	 0.0490891 
2982	 0.0477039 
2983	 0.0427001 
2984	 0.0474139 
2985	 0.0477790 
2986	 0.0494371 
2987	 0.0472760 
2988	 0.0488191 
2989	 0.0464010 
2990	 0.0448309 
2991	 0.0495019 
2992	 0.0526269 
2993	 0.0473779 
2994	 0.0432541 
2995	 0.0472229 
2996	 0.0477370 
2997	 0.0491130 
2998	 0.0499661 
2999	 0.0529781 
3000	 0.0455830 
3001	 0.0491709 
3002	 0.0518050 
3003	 0.0519870 
3004	 0.0489590 
3005	 0.0474389 
3006	 0.0498699 
3007	 0.0475009 
3008	 0.0524591 
3009	 0.0452739 
3010	 0.0532141 
3011	 0.0510110 
3012	 0.0526181 
3013	 0.0491830 
3014	 0.0536759 
3015	 0.0488161 
3016	 0.0528960 
3017	 0.0471259 
3018	 0.0512541 
3019	 0.0520251 
3020	 0.0473530 
3021	 0.0507151 
3022	 0.0551190 
3023	 0.0486770 
3024	 0.0527479 
3025	 0.0509120 
3026	 0.0525940 
3027	 0.0517979 
3028	 0.0522910 
3029	 0.0507009 
3030	 0.0532570 
3031	 0.0533289 
3032	 0.0529319 
3033	 0.0513039 
3034	 0.0519959 
3035	 0.0532439 
3036	 0.0564910 
3037	 0.0555701 
3038	 0.0533660 
3039	 0.0531101 
3040	 0.0558639 
3041	 0.0503039 
3042	 0.0521810 
3043	 0.1911220 
3044	 0.0526340 
3045	 0.0546051 
3046	 0.0491780 
3047	 0.0512310 
3048	 0.0544650 
3049	 0.0529941 
3050	 0.0547301 
3051	 0.0513660 
3052	 0.0536820 
3053	 0.0594910 
3054	 0.0508941 
3055	 0.0524381 
3056	 0.0534040 
3057	 0.0540550 
3058	 0.0549729 
3059	 0.0518579 
3060	 0.0568230 
3061	 0.0501991 
3062	 0.0589950 
3063	 0.0559761 
3064	 0.0603781 
3065	 0.0530720 
3066	 0.0584900 
3067	 0.0539650 
3068	 0.0603199 
3069	 0.0531991 
3070	 0.0597471 
3071	 0.0578330 
3072	 0.0557939 
3073	 0.0556810 
3074	 0.0541359 
3075	 0.0605959 
3076	 0.0562520 
3077	 0.0571970 
3078	 0.0593840 
3079	 0.0589531 
3080	 0.0601880 
3081	 0.0586490 
3082	 0.0529540 
3083	 0.0577120 
3084	 0.0594090 
3085	 0.0531470 
3086	 0.0629699 
3087	 0.0653999 
3088	 0.0596939 
3089	 0.0607009 
3090	 0.0600140 
3091	 0.0589490 
3092	 0.0594390 
3093	 0.0595800 
3094	 0.0645330 
3095	 0.0627861 
3096	 0.0605009 
3097	 0.0580910 
3098	 0.0550460 
3099	 0.0611310 
3100	 0.0604640 
3101	 0.0584360 
3102	 0.0555020 
3103	 0.0564209 
3104	 0.0628030 
3105	 0.0625320 
3106	 0.0610129 
3107	 0.0623490 
3108	 0.0616240 
3109	 0.0648859 
3110	 0.0583470 
3111	 0.0618510 
3112	 0.0622680 
3113	 0.0589650 
3114	 0.0560031 
3115	 0.0639100 
3116	 0.0589321 
3117	 0.0568230 
3118	 0.0590311 
3119	 0.0602920 
3120	 0.0603441 
3121	 0.0598530 
3122	 0.0607990 
3123	 0.0586190 
3124	 0.0661359 
3125	 0.0588681 
3126	 0.0608300 
3127	 0.0619751 
3128	 0.0633291 
3129	 0.0626850 
3130	 0.0640430 
3131	 0.0648069 
3132	 0.0640831 
3133	 0.0630900 
3134	 0.0596960 
3135	 0.0595629 
3136	 0.0626151 
3137	 0.0649731 
3138	 0.0681670 
3139	 0.0651531 
3140	 0.0631791 
3141	 0.0637960 
3142	 0.0636940 
3143	 0.0688510 
3144	 0.0628330 
3145	 0.0665881 
3146	 0.0658049 
3147	 0.0683031 
3148	 0.0629961 
3149	 0.0672940 
3150	 0.0655219 
3151	 0.0636909 
3152	 0.0655831 
3153	 0.0634750 
3154	 0.0665380 
3155	 0.0660191 
3156	 0.0617910 
3157	 0.0642689 
3158	 0.0634740 
3159	 0.0640131 
3160	 0.0686939 
3161	 0.0702159 
3162	 0.0659780 
3163	 0.0669339 
3164	 0.0634840 
3165	 0.0689229 
3166	 0.0696650 
3167	 0.0697001 
3168	 0.0676820 
3169	 0.0674080 
3170	 0.0699800 
3171	 0.0708539 
3172	 0.0662010 
3173	 0.0699460 
3174	 0.0713221 
3175	 0.0674339 
3176	 0.0689300 
3177	 0.0685180 
3178	 0.0689960 
3179	 0.0654089 
3180	 0.0641280 
3181	 0.0680121 
3182	 0.0709300 
3183	 0.0714781 
3184	 0.0726309 
3185	 0.0714661 
3186	 0.0693560 
3187	 0.0696051 
3188	 0.0718460 
3189	 0.0721591 
3190	 0.0671730 
3191	 0.0705560 
3192	 0.0661070 
3193	 0.0706201 
3194	 0.0700961 
3195	 0.0721829 
3196	 0.0716691 
3197	 0.0724790 
3198	 0.0708220 
3199	 0.0731970 
3200	 0.0690141 
3201	 0.0692579 
3202	 0.0628551 
3203	 0.0698800 
3204	 0.0645811 
3205	 0.0692970 
3206	 0.0695060 
3207	 0.0707679 
3208	 0.0718161 
3209	 0.0763990 
3210	 0.0703051 
3211	 0.0723639 
3212	 0.0725800 
3213	 0.0722501 
3214	 0.0717671 
3215	 0.0710981 
3216	 0.0710210 
3217	 0.0729869 
3218	 0.0747441 
3219	 0.0736190 
3220	 0.0766911 
3221	 0.0776149 
3222	 0.0746440 
3223	 0.0772619 
3224	 0.0711421 
3225	 0.0763550 
3226	 0.0751280 
3227	 0.0736291 
3228	 0.0709921 
3229	 0.0722979 
3230	 0.0782079 
3231	 0.0722691 
3232	 0.0727479 
3233	 0.0727969 
3234	 0.0750441 
3235	 0.0797080 
3236	 0.0762660 
3237	 0.0752061 
3238	 0.0781640 
3239	 0.0747701 
3240	 0.0718770 
3241	 0.0772731 
3242	 0.0736770 
3243	 0.0765090 
3244	 0.0793361 
3245	 0.0769080 
3246	 0.0744239 
3247	 0.0783710 
3248	 0.0746419 
3249	 0.0724131 
3250	 0.0763961 
3251	 0.0794420 
3252	 0.0820831 
3253	 0.0811040 
3254	 0.0774581 
3255	 0.0734170 
3256	 0.0768279 
3257	 0.0808649 
3258	 0.0804991 
3259	 0.0821920 
3260	 0.0765441 
3261	 0.0723860 
3262	 0.0746990 
3263	 0.0794690 
3264	 0.0767629 
3265	 0.0744241 
3266	 0.0750001 
3267	 0.0849149 
3268	 0.0855061 
3269	 0.0829451 
3270	 0.0802019 
3271	 0.0856511 
3272	 0.0869219 
3273	 0.0834269 
3274	 0.0816119 
3275	 0.0862729 
3276	 0.0832260 
3277	 0.0825729 
3278	 0.0845471 
3279	 0.0815399 
3280	 0.0812510 
3281	 0.0799221 
3282	 0.0514919 
3283	 0.4913101 
3284	 0.0490820 
3285	 0.0493621 
3286	 0.0461699 
3287	 0.0466450 
3288	 0.0463060 
3289	 0.0443870 
3290	 0.0500951 
3291	 0.0517121 
3292	 0.0488360 
3293	 0.0458979 
3294	 0.0535130 
3295	 0.0493070 
3296	 0.0465220 
3297	 0.0488749 
3298	 0.0456849 
3299	 0.0452800 
3300	 0.0519991 
3301	 0.0494550 
3302	 0.0534890 
3303	 0.0452279 
3304	 0.0483800 
3305	 0.0463301 
3306	 0.0532271 
3307	 0.0519941 
3308	 0.0480010 
3309	 0.0510050 
3310	 0.0427700 
3311	 0.0516371 
3312	 0.0522990 
3313	 0.0497329 
3314	 0.0521580 
3315	 0.0550770 
3316	 0.0464391 
3317	 0.0491070 
3318	 0.0479629 
3319	 0.0536809 
3320	 0.0543720 
3321	 0.0519110 
3322	 0.0558511 
3323	 0.0545660 
3324	 0.0485950 
3325	 0.0512381 
3326	 0.0549119 
3327	 0.0506970 
3328	 0.0507141 
3329	 0.0546850 
3330	 0.0503171 
3331	 0.0482861 
3332	 0.0559299 
3333	 0.0480671 
3334	 0.0536020 
3335	 0.0547591 
3336	 0.0515529 
3337	 0.0560530 
3338	 0.0501631 
3339	 0.0494240 
3340	 0.0530360 
3341	 0.0514691 
3342	 0.0453900 
3343	 0.0514280 
3344	 0.0524631 
3345	 0.0544969 
3346	 0.0556280 
3347	 0.0548180 
3348	 0.0519070 
3349	 0.0475251 
3350	 0.0568730 
3351	 0.0535989 
3352	 0.0561760 
3353	 0.0531190 
3354	 0.0509560 
3355	 0.0593929 
3356	 0.0517339 
3357	 0.0564990 
3358	 0.0547501 
3359	 0.0521159 
3360	 0.0611240 
3361	 0.0502419 
3362	 0.0599741 
3363	 0.0544570 
3364	 0.0569061 
3365	 0.0552989 
3366	 0.0574209 
3367	 0.0571140 
3368	 0.0498479 
3369	 0.0586439 
3370	 0.0545300 
3371	 0.0565529 
3372	 0.0589630 
3373	 0.0569789 
3374	 0.0555381 
3375	 0.0626011 
3376	 0.0578929 
3377	 0.0512891 
3378	 0.0562681 
3379	 0.0503429 
3380	 0.0539670 
3381	 0.0564131 
3382	 0.0583020 
3383	 0.0578700 
3384	 0.0554219 
3385	 0.0569001 
3386	 0.0569099 
3387	 0.0604179 
3388	 0.0568269 
3389	 0.0592909 
3390	 0.0568311 
3391	 0.0587990 
3392	 0.0568620 
3393	 0.0603580 
3394	 0.0532520 
3395	 0.0615930 
3396	 0.0578390 
3397	 0.0629640 
3398	 0.0531579 
3399	 0.0586041 
3400	 0.0596530 
3401	 0.0595509 
3402	 0.0585750 
3403	 0.0584909 
3404	 0.0537710 
3405	 0.0593721 
3406	 0.0535331 
3407	 0.0617120 
3408	 0.0569569 
3409	 0.0631421 
3410	 0.0589229 
3411	 0.0601711 
3412	 0.0536839 
3413	 0.0584360 
3414	 0.0607199 
3415	 0.1888581 
3416	 0.0616499 
3417	 0.0633500 
3418	 0.0603190 
3419	 0.0646031 
3420	 0.0639250 
3421	 0.0635641 
3422	 0.0615401 
3423	 0.0644040 
3424	 0.0596729 
3425	 0.0633581 
3426	 0.0623580 
3427	 0.0643041 
3428	 0.0633039 
3429	 0.0649739 
3430	 0.0615620 
3431	 0.0603549 
3432	 0.0622311 
3433	 0.0619260 
3434	 0.0627891 
3435	 0.0667000 
3436	 0.0554630 
3437	 0.0651230 
3438	 0.0637621 
3439	 0.0638660 
3440	 0.0639360 
3441	 0.0628281 
3442	 0.0645049 
3443	 0.0643639 
3444	 0.0634831 
3445	 0.0635950 
3446	 0.0646951 
3447	 0.0653369 
3448	 0.0631531 
3449	 0.0624459 
3450	 0.0624970 
3451	 0.0627440 
3452	 0.0693480 
3453	 0.0659150 
3454	 0.0641740 
3455	 0.0678991 
3456	 0.0659690 
3457	 0.0654329 
3458	 0.0686780 
3459	 0.0665280 
3460	 0.0644861 
3461	 0.0693799 
3462	 0.0660261 
3463	 0.0712339 
3464	 0.0665440 
3465	 0.0675990 
3466	 0.0649841 
3467	 0.0621631 
3468	 0.0656090 
3469	 0.0649249 
3470	 0.0642450 
3471	 0.0633840 
3472	 0.0684251 
3473	 0.0730780 
3474	 0.0640201 
3475	 0.0609611 
3476	 0.0696731 
3477	 0.0704851 
3478	 0.0708770 
3479	 0.0662410 
3480	 0.0667221 
3481	 0.0680971 
3482	 0.0672321 
3483	 0.0707980 
3484	 0.0676719 
3485	 0.0696840 
3486	 0.0696740 
3487	 0.0678240 
3488	 0.0679581 
3489	 0.0705850 
3490	 0.0717639 
3491	 0.0670740 
3492	 0.0701320 
3493	 0.0711569 
3494	 0.0689720 
3495	 0.0735990 
3496	 0.0722860 
3497	 0.0729679 
3498	 0.0707319 
3499	 0.0671880 
3500	 0.0684660 
3501	 0.0628001 
3502	 0.0690570 
3503	 0.0709029 
3504	 0.0708279 
3505	 0.0709401 
3506	 0.0718969 
3507	 0.0717401 
3508	 0.0714661 
3509	 0.0720869 
3510	 0.0707749 
3511	 0.0761281 
3512	 0.0698479 
3513	 0.0745720 
3514	 0.0739820 
3515	 0.0733900 
3516	 0.0738210 
3517	 0.0721990 
3518	 0.0725060 
3519	 0.0729660 
3520	 0.0734391 
3521	 0.0734489 
3522	 0.0747959 
3523	 0.0737740 
3524	 0.0690879 
3525	 0.0683360 
3526	 0.0688110 
3527	 0.0707770 
3528	 0.0721950 
3529	 0.0711249 
3530	 0.0719520 
3531	 0.0699870 
3532	 0.0723410 
3533	 0.0811960 
3534	 0.0726269 
3535	 0.0755490 
3536	 0.0750660 
3537	 0.0781550 
3538	 0.0756791 
3539	 0.0768331 
3540	 0.0723961 
3541	 0.0750720 
3542	 0.0696680 
3543	 0.0710720 
3544	 0.0715820 
3545	 0.0738520 
3546	 0.0761580 
3547	 0.0768491 
3548	 0.0790640 
3549	 0.0762439 
3550	 0.0726681 
3551	 0.0751979 
3552	 0.0748570 
3553	 0.0769721 
3554	 0.0815040 
3555	 0.0767850 
3556	 0.0747399 
3557	 0.0758629 
3558	 0.0736091 
3559	 0.0740201 
3560	 0.0793320 
3561	 0.0787790 
3562	 0.0795821 
3563	 0.0807860 
3564	 0.0746969 
3565	 0.0786520 
3566	 0.0747429 
3567	 0.0802131 
3568	 0.0786850 
3569	 0.0743890 
3570	 0.0774629 
3571	 0.0793109 
3572	 0.0845731 
3573	 0.0756161 
3574	 0.0749441 
3575	 0.0852469 
3576	 0.0856921 
3577	 0.0829410 
3578	 0.0790971 
3579	 0.0834869 
3580	 0.0859829 
3581	 0.0801021 
3582	 0.0800630 
3583	 0.0858070 
3584	 0.0841851 
3585	 0.0771170 
3586	 0.0834220 
3587	 0.0835741 
3588	 0.0792510 
3589	 0.0789380 
3590	 0.0840210 
3591	 0.0819959 
3592	 0.0804120 
3593	 0.0855730 
3594	 0.0801441 
3595	 0.0842451 
3596	 0.0853110 
3597	 0.0851259 
3598	 0.0815341 
3599	 0.0836701 
3600	 0.0932981 
3601	 0.0794701 
3602	 0.0827040 
3603	 0.0847019 
3604	 0.0812141 
3605	 0.0825240 
3606	 0.0855780 
3607	 0.0776551 
3608	 0.0862971 
3609	 0.0862209 
3610	 0.0848350 
3611	 0.0877989 
3612	 0.0834491 
3613	 0.0852011 
3614	 0.0863839 
3615	 0.0809290 
3616	 0.0858601 
3617	 0.0834761 
3618	 0.0851519 
3619	 0.0895511 
3620	 0.0839930 
3621	 0.0899370 
3622	 0.0811610 
3623	 0.0876460 
3624	 0.0839129 
3625	 0.0892550 
3626	 0.0947079 
3627	 0.0883810 
3628	 0.0860050 
3629	 0.0838289 
3630	 0.0835360 
3631	 0.0851469 
3632	 0.0852959 
3633	 0.0890639 
3634	 0.0883709 
3635	 0.0853631 
3636	 0.0892320 
3637	 0.0856920 
3638	 0.0862841 
3639	 0.0883611 
3640	 0.0908820 
3641	 0.0888461 
3642	 0.0874740 
3643	 0.0889371 
3644	 0.0874899 
3645	 0.0859830 
3646	 0.0889581 
3647	 0.0877291 
3648	 0.0917730 
3649	 0.0893821 
3650	 0.0881399 
3651	 0.0855479 
3652	 0.0908000 
3653	 0.0906430 
3654	 0.0914021 
3655	 0.0858770 
3656	 0.0917830 
3657	 0.0925430 
3658	 0.0936239 
3659	 0.0888319 
3660	 0.0928730 
3661	 0.0890539 
3662	 0.0912980 
3663	 0.0905981 
3664	 0.0880529 
3665	 0.0905800 
3666	 0.0923180 
3667	 0.0937301 
3668	 0.0902360 
3669	 0.0897880 
3670	 0.0943270 
3671	 0.0872781 
3672	 0.0913081 
3673	 0.0921459 
3674	 0.0910290 
3675	 0.0955769 
3676	 0.0921879 
3677	 0.0871400 
3678	 0.0913271 
3679	 0.0888500 
3680	 0.0882049 
3681	 0.0931649 
3682	 0.0925981 
3683	 0.0923669 
3684	 0.0926541 
3685	 0.0918821 
3686	 0.0967999 
3687	 0.0936129 
3688	 0.0933470 
3689	 0.0976750 
3690	 0.0903711 
3691	 0.0964700 
3692	 0.0911070 
3693	 0.0944500 
3694	 0.0906520 
3695	 0.0930940 
3696	 0.0926710 
3697	 0.0948090 
3698	 0.0926731 
3699	 0.0929669 
3700	 0.0961539 
3701	 0.0939831 
3702	 0.0970880 
3703	 0.0929819 
3704	 0.0907901 
3705	 0.0942699 
3706	 0.0962009 
3707	 0.0970519 
3708	 0.0883090 
3709	 0.0998329 
3710	 0.0941699 
3711	 0.0964371 
3712	 0.0937339 
3713	 0.0949121 
3714	 0.0942310 
3715	 0.0959630 
3716	 0.0988010 
3717	 0.0928700 
3718	 0.0977949 
3719	 0.0978119 
3720	 0.0960271 
3721	 0.0972370 
3722	 0.0941020 
3723	 0.0955341 
3724	 0.2014701 
3725	 0.0955530 
3726	 0.1002991 
3727	 0.1019460 
3728	 0.1013999 
3729	 0.0968351 
3730	 0.0965571 
3731	 0.0926679 
3732	 0.0993540 
3733	 0.0972240 
3734	 0.1004191 
3735	 0.0983489 
3736	 0.0972439 
3737	 0.1001760 
3738	 0.3911419 
3739	 0.0455880 
3740	 0.0430450 
3741	 0.0420331 
3742	 0.1394430 
3743	 0.0453220 
3744	 0.0474209 
3745	 0.0497131 
3746	 0.0520209 
3747	 0.0504161 
3748	 0.0443649 
3749	 0.0464870 
3750	 0.0442251 
3751	 0.0465039 
3752	 0.0532671 
3753	 0.0521620 
3754	 0.0484890 
3755	 0.0473070 
3756	 0.0432010 
3757	 0.0490991 
3758	 0.0516861 
3759	 0.0500859 
3760	 0.0478199 
3761	 0.0476739 
3762	 0.0483240 
3763	 0.0520721 
3764	 0.0495091 
3765	 0.0498851 
3766	 0.0410110 
3767	 0.0504450 
3768	 0.0530891 
3769	 0.0514980 
3770	 0.0480881 
3771	 0.0529200 
3772	 0.0495880 
3773	 0.0492640 
3774	 0.0434631 
3775	 0.0550530 
3776	 0.0530839 
3777	 0.0490701 
3778	 0.0514820 
3779	 0.0539951 
3780	 0.0507019 
3781	 0.0466239 
3782	 0.0502991 
3783	 0.0594151 
3784	 0.0483369 
3785	 0.0566050 
3786	 0.0507641 
3787	 0.0546859 
3788	 0.0504490 
3789	 0.0510631 
3790	 0.0511840 
3791	 0.0492429 
3792	 0.0541200 
3793	 0.0560520 
3794	 0.0514511 
3795	 0.0556630 
3796	 0.0542529 
3797	 0.0542019 
3798	 0.0524820 
3799	 0.0541349 
3800	 0.0479641 
3801	 0.0541510 
3802	 0.0569340 
3803	 0.0490831 
3804	 0.0569540 
3805	 0.0537440 
3806	 0.0534050 
3807	 0.0552071 
3808	 0.0510520 
3809	 0.0496070 
3810	 0.0566730 
3811	 0.0566130 
3812	 0.0577599 
3813	 0.0532069 
3814	 0.0511360 
3815	 0.0572241 
3816	 0.0506851 
3817	 0.0554360 
3818	 0.0532109 
3819	 0.0563560 
3820	 0.0539920 
3821	 0.0531230 
3822	 0.0497051 
3823	 0.0514100 
3824	 0.0565649 
3825	 0.0524759 
3826	 0.0599619 
3827	 0.0600080 
3828	 0.0548041 
3829	 0.0581371 
3830	 0.0566440 
3831	 0.0604880 
3832	 0.0571229 
3833	 0.0625479 
3834	 0.0546879 
3835	 0.0580170 
3836	 0.0532189 
3837	 0.0572460 
3838	 0.0527410 
3839	 0.0601840 
3840	 0.0531880 
3841	 0.0599050 
3842	 0.0557820 
3843	 0.0579069 
3844	 0.0554989 
3845	 0.0584150 
3846	 0.0575580 
3847	 0.0623519 
3848	 0.0538911 
3849	 0.0666791 
3850	 0.0541061 
3851	 0.0609881 
3852	 0.0626469 
3853	 0.0598230 
3854	 0.0557241 
3855	 0.0572730 
3856	 0.0595301 
3857	 0.0581640 
3858	 0.0616219 
3859	 0.0575271 
3860	 0.0611599 
3861	 0.0588870 
3862	 0.0607559 
3863	 0.0609159 
3864	 0.0586440 
3865	 0.0625630 
3866	 0.0602049 
3867	 0.0597731 
3868	 0.0610649 
3869	 0.0683059 
3870	 0.0634860 
3871	 0.0605379 
3872	 0.0660210 
3873	 0.0594160 
3874	 0.0604810 
3875	 0.0585709 
3876	 0.0595130 
3877	 0.0596689 
3878	 0.0614620 
3879	 0.0575550 
3880	 0.0588011 
3881	 0.0605370 
3882	 0.0648931 
3883	 0.0589070 
3884	 0.0631179 
3885	 0.0622470 
3886	 0.0651551 
3887	 0.0592359 
3888	 0.0638350 
3889	 0.0650581 
3890	 0.0648319 
3891	 0.0655371 
3892	 0.0590220 
3893	 0.0628670 
3894	 0.0609910 
3895	 0.0581540 
3896	 0.0613720 
3897	 0.0613609 
3898	 0.0618421 
3899	 0.0626069 
3900	 0.0597291 
3901	 0.0648051 
3902	 0.0627191 
3903	 0.0604179 
3904	 0.0645449 
3905	 0.0646749 
3906	 0.0679970 
3907	 0.0631430 
3908	 0.0625219 
3909	 0.0712739 
3910	 0.0622629 
3911	 0.0637070 
3912	 0.0645041 
3913	 0.0628590 
3914	 0.0654100 
3915	 0.0648949 
3916	 0.0670730 
3917	 0.0658540 
3918	 0.0652870 
3919	 0.0644039 
3920	 0.0685559 
3921	 0.0663559 
3922	 0.0637861 
3923	 0.0686479 
3924	 0.0652659 
3925	 0.0645329 
3926	 0.0653069 
3927	 0.0658579 
3928	 0.0654661 
3929	 0.0780641 
3930	 0.0670170 
3931	 0.0661239 
3932	 0.0667010 
3933	 0.0671851 
3934	 0.0699789 
3935	 0.0675951 
3936	 0.0682690 
3937	 0.0674440 
3938	 0.0648280 
3939	 0.0673020 
3940	 0.0691400 
3941	 0.0671820 
3942	 0.0694190 
3943	 0.0695100 
3944	 0.0668531 
3945	 0.0692201 
3946	 0.0692131 
3947	 0.0687439 
3948	 0.0712040 
3949	 0.0773590 
3950	 0.0647741 
3951	 0.0676769 
3952	 0.0675909 
3953	 0.0689740 
3954	 0.0704531 
3955	 0.0713809 
3956	 0.0706670 
3957	 0.0724801 
3958	 0.0701631 
3959	 0.0703100 
3960	 0.0706769 
3961	 0.0701111 
3962	 0.0681630 
3963	 0.0698820 
3964	 0.0685350 
3965	 0.0621020 
3966	 0.0701920 
3967	 0.0716521 
3968	 0.0748090 
3969	 0.0693561 
3970	 0.0663660 
3971	 0.0790630 
3972	 0.0729139 
3973	 0.0705831 
3974	 0.0742139 
3975	 0.0700319 
3976	 0.0710079 
3977	 0.0715589 
3978	 0.0750290 
3979	 0.0735739 
3980	 0.0716850 
3981	 0.0712990 
3982	 0.0677930 
3983	 0.0655930 
3984	 0.0702551 
3985	 0.0678470 
3986	 0.0647429 
3987	 0.0714089 
3988	 0.0719130 
3989	 0.0817851 
3990	 0.0761080 
3991	 0.0775629 
3992	 0.0766760 
3993	 0.0752389 
3994	 0.0786890 
3995	 0.0757650 
3996	 0.0752830 
3997	 0.0734749 
3998	 0.0740981 
3999	 0.0698491 
4000	 0.0753861 
4001	 0.0736540 
4002	 0.0756010 
4003	 0.0789960 
4004	 0.0759011 
4005	 0.0793081 
4006	 0.0775040 
4007	 0.0744169 
4008	 0.0719151 
4009	 0.0864089 
4010	 0.0740080 
4011	 0.0766551 
4012	 0.0800960 
4013	 0.0771559 
4014	 0.0756351 
4015	 0.0762480 
4016	 0.0734340 
4017	 0.0735200 
4018	 0.0791160 
4019	 0.0787170 
4020	 0.0806060 
4021	 0.0754930 
4022	 0.0729250 
4023	 0.0773271 
4024	 0.0788680 
4025	 0.0797100 
4026	 0.0767999 
4027	 0.0727310 
4028	 0.0767290 
4029	 0.0875399 
4030	 0.0862761 
4031	 0.0829929 
4032	 0.0792680 
4033	 0.0818619 
4034	 0.0834691 
4035	 0.0804619 
4036	 0.0810369 
4037	 0.0810111 
4038	 0.0816150 
4039	 0.0809779 
4040	 0.0776291 
4041	 0.0811710 
4042	 0.0814670 
4043	 0.0810969 
4044	 0.0828860 
4045	 0.0833011 
4046	 0.0807941 
4047	 0.0815559 
4048	 0.0852851 
4049	 0.0886110 
4050	 0.0808580 
4051	 0.0824760 
4052	 0.0810830 
4053	 0.0808039 
4054	 0.0827601 
4055	 0.0822180 
4056	 0.0812201 
4057	 0.0841359 
4058	 0.0833621 
4059	 0.0815980 
4060	 0.0862781 
4061	 0.0839389 
4062	 0.0825689 
4063	 0.0864201 
4064	 0.0833749 
4065	 0.0811821 
4066	 0.0872829 
4067	 0.0863591 
4068	 0.0898561 
4069	 0.0836090 
4070	 0.0834999 
4071	 0.0838049 
4072	 0.0877991 
4073	 0.0810719 
4074	 0.0936000 
4075	 0.0859239 
4076	 0.0835700 
4077	 0.0870830 
4078	 0.1947340 
4079	 0.0903311 
4080	 0.0799070 
4081	 0.0871890 
4082	 0.0861969 
4083	 0.0843359 
4084	 0.0855010 
4085	 0.0872620 
4086	 0.0857551 
4087	 0.0857941 
4088	 0.0904890 
4089	 0.0850281 
4090	 0.0924370 
4091	 0.0856420 
4092	 0.0881100 
4093	 0.0852671 
4094	 0.0919681 
4095	 0.0866330 
4096	 0.0912371 
