1	0.0042179	0.1657
2	0.0041871	0.0041809
3	0.0041921	0.029722583
4	0.0041921	
5	0.004195	
6	0.00419	
7	0.004189	
8	0.0041969	
9	0.0041969	
10	0.0041871	
11	0.004195	
12	0.00419	
13	0.0041869	
14	0.0041981	
15	0.0041931	
16	0.0041902	
17	0.0041969	
18	0.004185	
19	0.0041881	
20	0.0041969	
21	0.0041888	
22	0.004185	
23	0.004194	
24	0.004194	
25	0.0041912	
26	0.0041971	
27	0.0041921	
28	0.0041921	
29	0.004195	
30	0.00419	
31	0.0041869	
32	0.004195	
33	0.0041959	
34	0.0041809	
35	0.004195	
36	0.0041919	
37	0.0041909	
38	0.0042	
39	0.0041909	
40	0.0041859	
41	0.0041912	
42	0.0041931	
43	0.004185	
44	0.0041962	
45	0.0041881	
46	0.0041869	
47	0.0041919	
48	0.0041921	
49	0.004189	
50	0.0041959	
51	0.00419	
52	0.0041909	
53	0.0041952	
54	0.0041919	
55	0.004185	
56	0.004194	
57	0.0041931	
58	0.0041912	
59	0.0041959	
60	0.0041971	
61	0.00419	
62	0.0041981	
63	0.0041852	
64	0.0041878	
65	0.0041969	
66	0.0041921	
67	0.00419	
68	0.0041931	
69	0.0041921	
70	0.0041881	
71	0.004194	
72	0.0080509	
73	0.008152	
74	0.0097511	
75	0.0144131	
76	0.009037	
77	0.0146041	
78	0.009784	
79	0.0168519	
80	0.0121238	
81	0.0121779	
82	0.0118821	
83	0.0175302	
84	0.0338249	
85	0.0208418	
86	0.0239549	
87	0.011368	
88	0.0156159	
89	0.011445	
90	0.0108869	
91	0.01162	
92	0.0127811	
93	0.0110431	
94	0.0079758	
95	0.0082469	
96	0.0151439	
97	0.0080812	
98	0.012547	
99	0.0096581	
100	0.009712	
101	0.0157011	
102	0.011492	
103	0.01632	
104	0.023778	
105	0.013788	
106	0.0231919	
107	0.024215	
108	0.024328	
109	0.0212519	
110	0.0177119	
111	0.0138819	
112	0.0138659	
113	0.0160861	
114	0.021744	
115	0.0183358	
116	0.0189779	
117	0.0118799	
118	0.016057	
119	0.010978	
120	0.0168369	
121	0.0193651	
122	0.017555	
123	0.0143938	
124	0.0229189	
125	0.0193689	
126	0.0288129	
127	0.0262809	
128	0.0112309	
129	0.0112312	
130	0.0108819	
131	0.016221	
132	0.0229161	
133	0.0181398	
134	0.017698	
135	0.0213051	
136	0.0112741	
137	0.0199721	
138	0.0115762	
139	0.0192571	
140	0.013653	
141	0.0135882	
142	0.018677	
143	0.0188549	
144	0.0293481	
145	0.02736	
146	0.012912	
147	0.010812	
148	0.0180991	
149	0.0138211	
150	0.014087	
151	0.0115161	
152	0.0115979	
153	0.0113051	
154	0.018955	
155	0.0197582	
156	0.0110381	
157	0.0172951	
158	0.0138869	
159	0.01401	
160	0.0203512	
161	0.0185089	
162	0.026556	
163	0.026602	
164	0.0326569	
165	0.027401	
166	0.0214241	
167	0.0146849	
168	0.011343	
169	0.010988	
170	0.017957	
171	0.0138621	
172	0.0150969	
173	0.022608	
174	0.0112438	
175	0.0132179	
176	0.0089061	
177	0.0090029	
178	0.009496	
179	0.0167649	
180	0.0111458	
181	0.025631	
182	0.0178461	
183	0.042994	
184	0.046113	
185	0.028698	
186	0.018528	
187	0.0173681	
188	0.013598	
189	0.0201159	
190	0.0269151	
191	0.0189881	
192	0.010936	
193	0.0110111	
194	0.0183759	
195	0.0220461	
196	0.0274191	
197	0.0255959	
198	0.0305431	
199	0.028055	
200	0.0589259	
201	0.0630438	
202	0.01688	
203	0.016413	
204	0.01389	
205	0.0138872	
206	0.0110481	
207	0.0259531	
208	0.018481	
209	0.03016	
210	0.0254171	
211	0.027792	
212	0.038836	
213	0.0354779	
214	0.0281079	
215	0.0252411	
216	0.019026	
217	0.021554	
218	0.0141199	
219	0.0222418	
220	0.021462	
221	0.0173271	
222	0.0259821	
223	0.0207269	
224	0.027108	
225	0.01876	
226	0.0272942	
227	0.024894	
228	0.032758	
229	0.0331929	
230	0.0287402	
231	0.0185499	
232	0.0279949	
233	0.0259321	
234	0.0173571	
235	0.0202591	
236	0.0153759	
237	0.0108709	
238	0.024729	
239	0.0168021	
240	0.0149469	
241	0.0234849	
242	0.028378	
243	0.0192242	
244	0.020649	
245	0.0136068	
246	0.0139339	
247	0.013659	
248	0.0235319	
249	0.013809	
250	0.018275	
251	0.013732	
252	0.0211861	
253	0.027384	
254	0.0248361	
255	0.018713	
256	0.0281329	
257	0.0410612	
258	0.0217531	
259	0.014029	
260	0.014703	
261	0.0168421	
262	0.0135989	
263	0.013762	
264	0.0287809	
265	0.0184391	
266	0.0144548	
267	0.0137639	
268	0.018919	
269	0.0186441	
270	0.0159781	
271	0.023551	
272	0.0228069	
273	0.0137651	
274	0.0220261	
275	0.013835	
276	0.0143471	
277	0.013778	
278	0.0215209	
279	0.014147	
280	0.0139601	
281	0.0263011	
282	0.0219381	
283	0.0173309	
284	0.0140729	
285	0.013865	
286	0.020613	
287	0.0195911	
288	0.024924	
289	0.0210841	
290	0.013941	
291	0.023293	
292	0.0161929	
293	0.0137122	
294	0.0200739	
295	0.0186119	
296	0.0190122	
297	0.0273008	
298	0.0318899	
299	0.017359	
300	0.0138149	
301	0.018925	
302	0.0193219	
303	0.0146458	
304	0.0150521	
305	0.025775	
306	0.018064	
307	0.013828	
308	0.0230591	
309	0.0202341	
310	0.018373	
311	0.0185871	
312	0.0184751	
313	0.052599	
314	0.019912	
315	0.013962	
316	0.0134659	
317	0.0224822	
318	0.058398	
319	0.0041962	
320	0.0085719	
321	0.0142388	
322	0.013509	
323	0.0223489	
324	0.0215669	
325	0.0183239	
326	0.0187261	
327	0.0614049	
328	0.0349669	
329	0.013942	
330	0.0216191	
331	0.0179942	
332	0.018383	
333	0.024842	
334	0.0283489	
335	0.0238709	
336	0.0188861	
337	0.0184691	
338	0.0159349	
339	0.0161211	
340	0.0270371	
341	0.040776	
342	0.0319459	
343	0.0313799	
344	0.0188491	
345	0.020756	
346	0.0158792	
347	0.0159431	
348	0.023309	
349	0.01896	
350	0.0225501	
351	0.0167739	
352	0.0139189	
353	0.0226021	
354	0.013891	
355	0.014997	
356	0.0345819	
357	0.0393279	
358	0.0292909	
359	0.0198531	
360	0.019407	
361	0.013814	
362	0.0161879	
363	0.0227728	
364	0.018271	
365	0.0111561	
366	0.0115621	
367	0.0106339	
368	0.0113811	
369	0.0117249	
370	0.0111032	
371	0.018434	
372	0.0193191	
373	0.0558128	
374	0.0429759	
375	0.029459	
376	0.020647	
377	0.0132999	
378	0.0239992	
379	0.020668	
380	0.015022	
381	0.0114799	
382	0.0111029	
383	0.011188	
384	0.011095	
385	0.0114131	
386	0.0171101	
387	0.0136991	
388	0.0247641	
389	0.057482	
390	0.0342879	
391	0.030443	
392	0.01351	
393	0.021095	
394	0.0267889	
395	0.018142	
396	0.017736	
397	0.0141208	
398	0.0107629	
399	0.0115449	
400	0.011167	
401	0.0110552	
402	0.0226269	
403	0.0260851	
404	0.0185061	
405	0.0363469	
406	0.027669	
407	0.0227411	
408	0.0197501	
409	0.0227411	
410	0.0313261	
411	0.02613	
412	0.017385	
413	0.01842	
414	0.0182581	
415	0.0256178	
416	0.0190248	
417	0.0212402	
418	0.0113149	
419	0.011415	
420	0.010839	
421	0.026175	
422	0.018055	
423	0.0183158	
424	0.0179319	
425	0.0330751	
426	0.0435181	
427	0.022161	
428	0.0193322	
429	0.0201051	
430	0.014065	
431	0.0140619	
432	0.0252221	
433	0.01864	
434	0.0115192	
435	0.0113289	
436	0.011682	
437	0.0250051	
438	0.019098	
439	0.0182521	
440	0.029551	
441	0.0324271	
442	0.029928	
443	0.0135992	
444	0.02161	
445	0.018693	
446	0.0194871	
447	0.0333619	
448	0.0270281	
449	0.0216682	
450	0.0169079	
451	0.014117	
452	0.0205841	
453	0.0112469	
454	0.0119982	
455	0.014833	
456	0.012569	
457	0.009223	
458	0.0137279	
459	0.0114629	
460	0.0182819	
461	0.0137022	
462	0.021683	
463	0.0188942	
464	0.0364819	
465	0.0290308	
466	0.0252519	
467	0.0279062	
468	0.0349882	
469	0.019177	
470	0.0193031	
471	0.0138481	
472	0.0137861	
473	0.015408	
474	0.0170262	
475	0.0174379	
476	0.0141311	
477	0.02179	
478	0.018698	
479	0.0309711	
480	0.0353649	
481	0.0409479	
482	0.0420132	
483	0.026264	
484	0.0221171	
485	0.018034	
486	0.0182841	
487	0.0191612	
488	0.0277169	
489	0.0263228	
490	0.018939	
491	0.0245759	
492	0.0200422	
493	0.018522	
494	0.0262401	
495	0.018297	
496	0.0275149	
497	0.0346789	
498	0.0336981	
499	0.017735	
500	0.0186	
501	0.022934	
502	0.019259	
503	0.0218079	
504	0.017746	
505	0.023103	
506	0.0142322	
507	0.0229361	
508	0.0186219	
509	0.0320179	
510	0.0668051	
511	0.0335889	
512	0.01861	
513	0.0193729	
514	0.0193968	
515	0.0134389	
516	0.015985	
517	0.0245461	
518	0.023155	
519	0.0313511	
520	0.022867	
521	0.0192039	
522	0.0353298	
523	0.018934	
524	0.031857	
525	0.0183821	
526	0.0191941	
527	0.019522	
528	0.016372	
529	0.0141759	
530	0.0221982	
531	0.0195999	
532	0.0286469	
533	0.0290701	
534	0.0189831	
535	0.014523	
536	0.013968	
537	0.020824	
538	0.0273678	
539	0.0294151	
540	0.0271971	
541	0.033088	
542	0.029963	
543	0.016577	
544	0.0136709	
545	0.011229	
546	0.0173461	
547	0.0137079	
548	0.0278988	
549	0.025022	
550	0.0175021	
551	0.015722	
552	0.0218911	
553	0.0152361	
554	0.0140948	
555	0.022886	
556	0.0139239	
557	0.0127192	
558	0.015584	
559	0.0108931	
560	0.017777	
561	0.014246	
562	0.0167682	
563	0.0128698	
564	0.0154889	
565	0.0108709	
566	0.011759	
567	0.022392	
568	0.0213699	
569	0.0143499	
570	0.015578	
571	0.0190041	
572	0.023314	
573	0.0223179	
574	0.0222511	
575	0.0288019	
576	0.023541	
577	0.0229521	
578	0.0176649	
579	0.0303252	
580	0.0263789	
581	0.0445058	
582	0.0246048	
583	0.017894	
584	0.0144389	
585	0.0186069	
586	0.022969	
587	0.0215921	
588	0.0135629	
589	0.0206978	
590	0.023546	
591	0.021302	
592	0.0301149	
593	0.032685	
594	0.0473919	
595	0.028301	
596	0.029583	
597	0.0178881	
598	0.0155139	
599	0.024451	
600	0.0181289	
601	0.0182931	
602	0.0301871	
603	0.018676	
604	0.034852	
605	0.018923	
606	0.0174479	
607	0.0236239	
608	0.016506	
609	0.0208251	
610	0.018801	
611	0.0183399	
612	0.018342	
613	0.0302229	
614	0.0309818	
615	0.021275	
616	0.0466599	
617	0.0235929	
618	0.016448	
619	0.0185571	
620	0.0140541	
621	0.0145121	
622	0.0205061	
623	0.030051	
624	0.0210309	
625	0.017065	
626	0.0189741	
627	0.026489	
628	0.016777	
629	0.013864	
630	0.0198591	
631	0.0262048	
632	0.0263462	
633	0.0246809	
634	0.0200958	
635	0.0145669	
636	0.0153971	
637	0.011924	
638	0.018616	
639	0.0200729	
640	0.018899	
641	0.0203881	
642	0.021497	
643	0.021559	
644	0.0183239	
645	0.0167122	
646	0.0275779	
647	0.0222499	
648	0.0187171	
649	0.028687	
650	0.0259109	
651	0.0198278	
652	0.0228539	
653	0.0240328	
654	0.0289168	
655	0.014394	
656	0.0157931	
657	0.0114071	
658	0.0170341	
659	0.021745	
660	0.0232389	
661	0.026042	
662	0.0277948	
663	0.0232129	
664	0.0228591	
665	0.0274639	
666	0.0254879	
667	0.0294058	
668	0.027874	
669	0.0141518	
670	0.0154409	
671	0.013145	
672	0.009361	
673	0.0092161	
674	0.014956	
675	0.0253189	
676	0.0134659	
677	0.0204151	
678	0.019278	
679	0.0181351	
680	0.0369091	
681	0.042841	
682	0.0282059	
683	0.0310371	
684	0.0235009	
685	0.0160842	
686	0.016109	
687	0.0077209	
688	0.008466	
689	0.0075278	
690	0.018425	
691	0.0167201	
692	0.013612	
693	0.0187261	
694	0.021172	
695	0.0138109	
696	0.020098	
697	0.0429339	
698	0.018486	
699	0.018903	
700	0.0281181	
701	0.0186329	
702	0.019037	
703	0.0201571	
704	0.0120089	
705	0.0152998	
706	0.0174201	
707	0.0205889	
708	0.0140388	
709	0.0189281	
710	0.0197392	
711	0.0143239	
712	0.021034	
713	0.0469799	
714	0.0244391	
715	0.026711	
716	0.027724	
717	0.0233159	
718	0.0138352	
719	0.011425	
720	0.025167	
721	0.0199802	
722	0.0140369	
723	0.0178242	
724	0.016577	
725	0.01384	
726	0.0139651	
727	0.0138819	
728	0.050288	
729	0.0394361	
730	0.027833	
731	0.0234258	
732	0.019604	
733	0.013236	
734	0.0113389	
735	0.0174019	
736	0.020294	
737	0.018888	
738	0.0182719	
739	0.028538	
740	0.018363	
741	0.0265009	
742	0.0402911	
743	0.018671	
744	0.0196002	
745	0.0319901	
746	0.027611	
747	0.011106	
748	0.0111461	
749	0.017272	
750	0.0154719	
751	0.019973	
752	0.0108171	
753	0.0179741	
754	0.020848	
755	0.0194302	
756	0.0109229	
757	0.016609	
758	0.022424	
759	0.0203321	
760	0.0182309	
761	0.01858	
762	0.0276699	
763	0.0286489	
764	0.0209658	
765	0.0214541	
766	0.01355	
767	0.015516	
768	0.016587	
769	0.0167139	
770	0.0137351	
771	0.0334709	
772	0.0214219	
773	0.0261471	
774	0.0270629	
775	0.0278089	
776	0.0368192	
777	0.029516	
778	0.0228751	
779	0.018472	
780	0.019067	
781	0.0105281	
782	0.0114441	
783	0.018137	
784	0.024652	
785	0.0181448	
786	0.0282359	
787	0.0262961	
788	0.031852	
789	0.0295529	
790	0.0179789	
791	0.02668	
792	0.0287271	
793	0.0238161	
794	0.018476	
795	0.01807	
796	0.0214961	
797	0.0297031	
798	0.0286951	
799	0.0183721	
800	0.030097	
801	0.0188951	
802	0.025562	
803	0.0183389	
804	0.02616	
805	0.0351629	
806	0.027442	
807	0.0350349	
808	0.0223782	
809	0.0342579	
810	0.025744	
811	0.0184872	
812	0.0188971	
813	0.023186	
814	0.0216238	
815	0.024215	
816	0.0262759	
817	0.0299261	
818	0.028259	
819	0.0233569	
820	0.0224118	
821	0.046751	
822	0.0531769	
823	0.044024	
824	0.0484741	
825	0.0196521	
826	0.029299	
827	0.0142021	
828	0.014097	
829	0.0225379	
830	0.019994	
831	0.0186639	
832	0.0262969	
833	0.0765469	
834	0.0314879	
835	0.0185261	
836	0.020529	
837	0.0137749	
838	0.0142889	
839	0.011075	
840	0.0241752	
841	0.0201631	
842	0.0140331	
843	0.019702	
844	0.0247281	
845	0.01946	
846	0.0213149	
847	0.0417318	
848	0.0340488	
849	0.0255158	
850	0.0145059	
851	0.0136342	
852	0.018564	
853	0.0311639	
854	0.0233839	
855	0.0139902	
856	0.014106	
857	0.0158482	
858	0.0231779	
859	0.0190339	
860	0.0138872	
861	0.019697	
862	0.0134261	
863	0.016305	
864	0.0167751	
865	0.013994	
866	0.0161119	
867	0.0112791	
868	0.0113029	
869	0.0115302	
870	0.0167379	
871	0.0151219	
872	0.0172241	
873	0.0216739	
874	0.0202558	
875	0.021832	
876	0.019969	
877	0.0187581	
878	0.0258651	
879	0.014065	
880	0.0207629	
881	0.0169179	
882	0.0228331	
883	0.0139391	
884	0.0140231	
885	0.01405	
886	0.019192	
887	0.0174329	
888	0.0126541	
889	0.019242	
890	0.0143101	
891	0.0111661	
892	0.0110819	
893	0.0171962	
894	0.013767	
895	0.0206959	
896	0.0230131	
897	0.019026	
898	0.0339081	
899	0.0186009	
900	0.0317118	
901	0.0230229	
902	0.018086	
903	0.017801	
904	0.0114081	
905	0.0239351	
906	0.016614	
907	0.014492	
908	0.0139251	
909	0.0187931	
910	0.017113	
911	0.0238569	
912	0.0186341	
913	0.0181761	
914	0.0432551	
915	0.0245891	
916	0.020236	
917	0.0133669	
918	0.0111959	
919	0.0165682	
920	0.0216529	
921	0.019892	
922	0.022181	
923	0.018239	
924	0.018317	
925	0.034735	
926	0.019367	
927	0.017638	
928	0.013768	
929	0.0211301	
930	0.0144382	
931	0.022907	
932	0.0182199	
933	0.0188012	
934	0.032649	
935	0.018235	
936	0.013989	
937	0.0204189	
938	0.0136552	
939	0.0140471	
940	0.0140519	
941	0.0137608	
942	0.0266042	
943	0.031723	
944	0.014451	
945	0.018033	
946	0.013823	
947	0.0138271	
948	0.0230181	
949	0.0136421	
950	0.013505	
951	0.0211661	
952	0.022527	
953	0.0200541	
954	0.023385	
955	0.013623	
956	0.0152979	
957	0.0113571	
958	0.0178261	
959	0.013634	
960	0.0261359	
961	0.0250878	
962	0.0277121	
963	0.0381651	
964	0.052726	
965	0.036341	
966	0.041925	
967	0.0257261	
968	0.0297391	
969	0.0163338	
970	0.0136359	
971	0.0115421	
972	0.0174592	
973	0.0172229	
974	0.014164	
975	0.022882	
976	0.018486	
977	0.0282471	
978	0.031616	
979	0.0136271	
980	0.0224938	
981	0.0179639	
982	0.0138502	
983	0.0138619	
984	0.0206099	
985	0.0221369	
986	0.0185459	
987	0.0185051	
988	0.024545	
989	0.0281448	
990	0.019371	
991	0.01845	
992	0.013149	
993	0.0197341	
994	0.0195041	
995	0.0237391	
996	0.0232592	
997	0.014308	
998	0.014827	
999	0.016772	
1000	0.013783	
1001	0.0209222	
1002	0.0185881	
1003	0.020402	
1004	0.0154638	
1005	0.0232642	
1006	0.0256441	
1007	0.0188961	
1008	0.01898	
1009	0.023473	
1010	0.0427749	
1011	0.018019	
1012	0.0141711	
1013	0.0133979	
1014	0.0157509	
1015	0.017468	
1016	0.0140328	
1017	0.02037	
1018	0.0175869	
1019	0.014097	
1020	0.0114129	
1021	0.0110321	
1022	0.0313981	
1023	0.018971	
1024	0.0196741	
1025	0.0144372	
1026	0.0137792	
1027	0.0322809	
1028	0.018609	
1029	0.0189669	
1030	0.018558	
1031	0.026484	
1032	0.0191259	
1033	0.0263088	
1034	0.0157981	
1035	0.0115619	
1036	0.0110402	
1037	0.020442	
1038	0.016948	
1039	0.0181141	
1040	0.0183079	
1041	0.02033	
1042	0.016022	
1043	0.0261629	
1044	0.0182631	
1045	0.014116	
1046	0.0139019	
1047	0.0140321	
1048	0.021579	
1049	0.0188332	
1050	0.0194409	
1051	0.0233879	
1052	0.028923	
1053	0.0498521	
1054	0.0472851	
1055	0.017971	
1056	0.018295	
1057	0.048177	
1058	0.0485411	
1059	0.0162711	
1060	0.014117	
1061	0.0138161	
1062	0.0112081	
1063	0.011344	
1064	0.0196888	
1065	0.0214012	
1066	0.0220599	
1067	0.0322192	
1068	0.013967	
1069	0.013804	
1070	0.0139329	
1071	0.021034	
1072	0.018084	
1073	0.0383959	
1074	0.026778	
1075	0.0182769	
1076	0.0204809	
1077	0.0139549	
1078	0.017144	
1079	0.0175469	
1080	0.011658	
1081	0.024524	
1082	0.019172	
1083	0.0321991	
1084	0.0224481	
1085	0.026088	
1086	0.0310161	
1087	0.0383079	
1088	0.0702181	
1089	0.0239289	
1090	0.014298	
1091	0.0131571	
1092	0.0096109	
1093	0.0164678	
1094	0.0169001	
1095	0.0157869	
1096	0.0108941	
1097	0.017926	
1098	0.0136681	
1099	0.0143728	
1100	0.019588	
1101	0.0270481	
1102	0.0370319	
1103	0.03228	
1104	0.0219581	
1105	0.01753	
1106	0.0112519	
1107	0.0112741	
1108	0.011425	
1109	0.012202	
1110	0.01913	
1111	0.0078671	
1112	0.018503	
1113	0.011579	
1114	0.0107031	
1115	0.0170441	
1116	0.0138149	
1117	0.0129879	
1118	0.0138321	
1119	0.0240941	
1120	0.0265431	
1121	0.0287499	
1122	0.0187161	
1123	0.0194252	
1124	0.0183969	
1125	0.0170338	
1126	0.0129299	
1127	0.019007	
1128	0.0160892	
1129	0.027915	
1130	0.0130501	
1131	0.0113461	
1132	0.0108161	
1133	0.017503	
1134	0.0109692	
1135	0.010797	
1136	0.011121	
1137	0.032057	
1138	0.0416059	
1139	0.0242949	
1140	0.013998	
1141	0.0141699	
1142	0.0143311	
1143	0.0210369	
1144	0.0191429	
1145	0.027144	
1146	0.021348	
1147	0.0182171	
1148	0.0130141	
1149	0.017796	
1150	0.0144989	
1151	0.0135128	
1152	0.014164	
1153	0.039197	
1154	0.0269639	
1155	0.01877	
1156	0.0144191	
1157	0.013555	
1158	0.0153918	
1159	0.0124741	
1160	0.0093291	
1161	0.016598	
1162	0.010937	
1163	0.0248649	
1164	0.0137751	
1165	0.0137451	
1166	0.0198269	
1167	0.0132399	
1168	0.013705	
1169	0.020077	
1170	0.032588	
1171	0.062649	
1172	0.0165622	
1173	0.013799	
1174	0.0148981	
1175	0.0110741	
1176	0.011276	
1177	0.01177	
1178	0.0092669	
1179	0.0222409	
1180	0.022711	
1181	0.0191259	
1182	0.021451	
1183	0.018995	
1184	0.0305822	
1185	0.020535	
1186	0.0211482	
1187	0.022686	
1188	0.0141151	
1189	0.0139151	
1190	0.0169299	
1191	0.0110729	
1192	0.011111	
1193	0.0115461	
1194	0.0109329	
1195	0.0115688	
1196	0.0242059	
1197	0.0216961	
1198	0.017915	
1199	0.0194161	
1200	0.0425451	
1201	0.0280051	
1202	0.037823	
1203	0.066324	
1204	0.0543749	
1205	0.012681	
1206	0.0091951	
1207	0.016176	
1208	0.0112469	
1209	0.011296	
1210	0.0170271	
1211	0.019223	
1212	0.014235	
1213	0.019383	
1214	0.0365441	
1215	0.034909	
1216	0.0282631	
1217	0.029691	
1218	0.019989	
1219	0.0137038	
1220	0.0136888	
1221	0.0143979	
1222	0.0176699	
1223	0.015152	
1224	0.0109148	
1225	0.0114739	
1226	0.011718	
1227	0.017833	
1228	0.0116379	
1229	0.0153019	
1230	0.02108	
1231	0.0112	
1232	0.0155828	
1233	0.013957	
1234	0.018028	
1235	0.0192311	
1236	0.033541	
1237	0.0182631	
1238	0.016849	
1239	0.020782	
1240	0.0187659	
1241	0.0141921	
1242	0.012845	
1243	0.009619	
1244	0.0092831	
1245	0.0090511	
1246	0.023814	
1247	0.0135062	
1248	0.022527	
1249	0.0451481	
1250	0.0287499	
1251	0.0238202	
1252	0.0222139	
1253	0.0185561	
1254	0.0206552	
1255	0.020402	
1256	0.0126851	
1257	0.009393	
1258	0.009078	
1259	0.009367	
1260	0.0097549	
1261	0.0087938	
1262	0.0144858	
1263	0.017422	
1264	0.0138159	
1265	0.0136838	
1266	0.0415089	
1267	0.0410311	
1268	0.018275	
1269	0.0204101	
1270	0.0209901	
1271	0.019866	
1272	0.0152321	
1273	0.018075	
1274	0.0132601	
1275	0.016315	
1276	0.0094571	
1277	0.013906	
1278	0.010952	
1279	0.0110672	
1280	0.0095119	
1281	0.0175691	
1282	0.010932	
1283	0.0157959	
1284	0.0340512	
1285	0.0276089	
1286	0.0281549	
1287	0.0361838	
1288	0.0180521	
1289	0.0276239	
1290	0.0185778	
1291	0.0145419	
1292	0.0090461	
1293	0.008853	
1294	0.0142078	
1295	0.0105798	
1296	0.012223	
1297	0.0096619	
1298	0.0163379	
1299	0.0106962	
1300	0.0115149	
1301	0.0195532	
1302	0.0358858	
1303	0.0275609	
1304	0.0267591	
1305	0.0550261	
1306	0.0254111	
1307	0.015384	
1308	0.014451	
1309	0.0091472	
1310	0.009244	
1311	0.0093951	
1312	0.010844	
1313	0.0139658	
1314	0.0092361	
1315	0.009501	
1316	0.0183401	
1317	0.0112531	
1318	0.0258181	
1319	0.021121	
1320	0.038986	
1321	0.027982	
1322	0.0443659	
1323	0.035167	
1324	0.015044	
1325	0.0115499	
1326	0.011548	
1327	0.0107481	
1328	0.0112329	
1329	0.011349	
1330	0.01474	
1331	0.009357	
1332	0.0154979	
1333	0.0260921	
1334	0.023309	
1335	0.018558	
1336	0.043715	
1337	0.0272341	
1338	0.0497382	
1339	0.02351	
1340	0.01635	
1341	0.01387	
1342	0.0141308	
1343	0.014076	
1344	0.0114279	
1345	0.0107329	
1346	0.0194621	
1347	0.018683	
1348	0.0296991	
1349	0.0221751	
1350	0.0181069	
1351	0.038533	
1352	0.064429	
1353	0.023102	
1354	0.0160849	
1355	0.0140071	
1356	0.015017	
1357	0.011312	
1358	0.009217	
1359	0.0093551	
1360	0.0144391	
1361	0.010843	
1362	0.013063	
1363	0.020319	
1364	0.032836	
1365	0.0233011	
1366	0.026602	
1367	0.059819	
1368	0.0319281	
1369	0.0217738	
1370	0.0143089	
1371	0.0138471	
1372	0.013999	
1373	0.009752	
1374	0.0163441	
1375	0.0112171	
1376	0.008239	
1377	0.008157	
1378	0.0129461	
1379	0.0156291	
1380	0.019444	
1381	0.020443	
1382	0.018466	
1383	0.013978	
1384	0.0236371	
1385	0.02823	
1386	0.01947	
1387	0.0135369	
1388	0.0140212	
1389	0.013941	
1390	0.01373	
1391	0.0137088	
1392	0.0244699	
1393	0.0145509	
1394	0.0109899	
1395	0.024246	
1396	0.0117381	
1397	0.018189	
1398	0.013927	
1399	0.0140171	
1400	0.021317	
1401	0.0244391	
1402	0.042568	
1403	0.0240412	
1404	0.016798	
1405	0.014015	
1406	0.01388	
1407	0.013844	
1408	0.0226848	
1409	0.0148208	
1410	0.016784	
1411	0.019242	
1412	0.0276649	
1413	0.0234001	
1414	0.0115471	
1415	0.0111392	
1416	0.0131571	
1417	0.0090411	
1418	0.009176	
1419	0.027652	
1420	0.018611	
1421	0.030401	
1422	0.0265729	
1423	0.034544	
1424	0.0353749	
1425	0.0182712	
1426	0.020452	
1427	0.0200679	
1428	0.0203018	
1429	0.0143759	
1430	0.011389	
1431	0.011193	
1432	0.0126388	
1433	0.0089359	
1434	0.0094712	
1435	0.021883	
1436	0.02371	
1437	0.018575	
1438	0.0177622	
1439	0.0137949	
1440	0.0345361	
1441	0.027565	
1442	0.027719	
1443	0.06178	
1444	0.016753	
1445	0.0123348	
1446	0.0089071	
1447	0.0093112	
1448	0.0092099	
1449	0.009675	
1450	0.009335	
1451	0.017621	
1452	0.0150239	
1453	0.017087	
1454	0.013675	
1455	0.035044	
1456	0.027199	
1457	0.0292761	
1458	0.018151	
1459	0.05021	
1460	0.01809	
1461	0.0184371	
1462	0.015934	
1463	0.013366	
1464	0.012605	
1465	0.011035	
1466	0.008096	
1467	0.0140049	
1468	0.0088902	
1469	0.0095658	
1470	0.0242388	
1471	0.013268	
1472	0.018173	
1473	0.02334	
1474	0.018425	
1475	0.019269	
1476	0.0304501	
1477	0.0553021	
1478	0.025269	
1479	0.0173781	
1480	0.0134869	
1481	0.009351	
1482	0.012198	
1483	0.0091181	
1484	0.015326	
1485	0.0115502	
1486	0.0112319	
1487	0.011343	
1488	0.026449	
1489	0.030633	
1490	0.0182211	
1491	0.0189669	
1492	0.0274949	
1493	0.0277481	
1494	0.0287731	
1495	0.0252421	
1496	0.0217731	
1497	0.013778	
1498	0.0138412	
1499	0.021764	
1500	0.013453	
1501	0.0130491	
1502	0.016413	
1503	0.0219772	
1504	0.0157819	
1505	0.0256758	
1506	0.018924	
1507	0.0302429	
1508	0.0343029	
1509	0.029691	
1510	0.0180972	
1511	0.0202451	
1512	0.0181439	
1513	0.023181	
1514	0.0174959	
1515	0.011205	
1516	0.01072	
1517	0.015851	
1518	0.0140221	
1519	0.021116	
1520	0.0268898	
1521	0.0281479	
1522	0.0256741	
1523	0.0186501	
1524	0.0244091	
1525	0.021482	
1526	0.011579	
1527	0.0124021	
1528	0.0156519	
1529	0.011353	
1530	0.0108609	
1531	0.01665	
1532	0.0142059	
1533	0.0133281	
1534	0.0160141	
1535	0.014575	
1536	0.010766	
1537	0.0127192	
1538	0.0091109	
1539	0.039676	
1540	0.0261559	
1541	0.0184419	
1542	0.02544	
1543	0.024719	
1544	0.0180469	
1545	0.029947	
1546	0.0267141	
1547	0.0211399	
1548	0.013926	
1549	0.0110538	
1550	0.012171	
1551	0.0093782	
1552	0.0097928	
1553	0.008981	
1554	0.009536	
1555	0.00933	
1556	0.0214112	
1557	0.0190868	
1558	0.0198278	
1559	0.014066	
1560	0.0137599	
1561	0.021163	
1562	0.018105	
1563	0.017621	
1564	0.022845	
1565	0.0176599	
1566	0.054637	
1567	0.052346	
1568	0.0263839	
1569	0.009629	
1570	0.0096591	
1571	0.0091341	
1572	0.0151329	
1573	0.0124929	
1574	0.0202079	
1575	0.0154431	
1576	0.0108862	
1577	0.0113039	
1578	0.017808	
1579	0.01562	
1580	0.010956	
1581	0.019922	
1582	0.0134542	
1583	0.0326219	
1584	0.0186789	
1585	0.027395	
1586	0.024359	
1587	0.0177939	
1588	0.030009	
1589	0.0189848	
1590	0.026938	
1591	0.016036	
1592	0.020884	
1593	0.0162339	
1594	0.0135021	
1595	0.0134399	
1596	0.01408	
1597	0.033685	
1598	0.0726771	
1599	0.0292859	
1600	0.0133529	
1601	0.0149598	
1602	0.0243478	
1603	0.010818	
1604	0.0180981	
1605	0.0141351	
1606	0.0139239	
1607	0.0203969	
1608	0.015203	
1609	0.0109332	
1610	0.0111339	
1611	0.023016	
1612	0.0352311	
1613	0.0395429	
1614	0.041394	
1615	0.0212679	
1616	0.0195279	
1617	0.0161591	
1618	0.0225811	
1619	0.0157661	
1620	0.010772	
1621	0.01354	
1622	0.009362	
1623	0.0091009	
1624	0.009568	
1625	0.0161209	
1626	0.011435	
1627	0.0107682	
1628	0.0237939	
1629	0.0629401	
1630	0.034924	
1631	0.021394	
1632	0.0209031	
1633	0.018575	
1634	0.0188081	
1635	0.0207341	
1636	0.0183032	
1637	0.015651	
1638	0.0124741	
1639	0.009254	
1640	0.0159361	
1641	0.011095	
1642	0.010901	
1643	0.0110838	
1644	0.0413918	
1645	0.054002	
1646	0.0255551	
1647	0.0192111	
1648	0.030786	
1649	0.0297961	
1650	0.0264249	
1651	0.013968	
1652	0.0156181	
1653	0.0191159	
1654	0.0092261	
1655	0.009017	
1656	0.009953	
1657	0.0091519	
1658	0.0092559	
1659	0.0149112	
1660	0.015111	
1661	0.030998	
1662	0.028573	
1663	0.033052	
1664	0.027868	
1665	0.0196121	
1666	0.0202272	
1667	0.0171649	
1668	0.0141749	
1669	0.0140839	
1670	0.0139842	
1671	0.0250859	
1672	0.0116348	
1673	0.012722	
1674	0.0095921	
1675	0.014802	
1676	0.011235	
1677	0.028331	
1678	0.0186889	
1679	0.0302839	
1680	0.050689	
1681	0.018723	
1682	0.0174351	
1683	0.0136089	
1684	0.0137951	
1685	0.0332088	
1686	0.0272601	
1687	0.02039	
1688	0.019722	
1689	0.0138969	
1690	0.0230072	
1691	0.0122709	
1692	0.0093789	
1693	0.018594	
1694	0.0145142	
1695	0.0223241	
1696	0.025965	
1697	0.0164909	
1698	0.0137191	
1699	0.0138471	
1700	0.015722	
1701	0.0108719	
1702	0.0289559	
1703	0.019547	
1704	0.0114632	
1705	0.01559	
1706	0.013612	
1707	0.0128188	
1708	0.0160491	
1709	0.011802	
1710	0.0109172	
1711	0.0126228	
1712	0.0195849	
1713	0.0136452	
1714	0.0110519	
1715	0.018894	
1716	0.022892	
1717	0.0180461	
1718	0.019006	
1719	0.014128	
1720	0.0282609	
1721	0.0191979	
1722	0.018461	
1723	0.0192161	
1724	0.0183189	
1725	0.0147009	
1726	0.0190692	
1727	0.0139561	
1728	0.017138	
1729	0.0090411	
1730	0.0153029	
1731	0.023133	
1732	0.0187531	
1733	0.0224049	
1734	0.0183091	
1735	0.018187	
1736	0.034152	
1737	0.043474	
1738	0.0245721	
1739	0.0214021	
1740	0.0135679	
1741	0.0184329	
1742	0.015569	
1743	0.0110991	
1744	0.0115821	
1745	0.0089879	
1746	0.0108919	
1747	0.0127521	
1748	0.020633	
1749	0.0185699	
1750	0.0181091	
1751	0.0190961	
1752	0.017972	
1753	0.0359499	
1754	0.0567062	
1755	0.0732219	
1756	0.0191832	
1757	0.0139589	
1758	0.015754	
1759	0.010442	
1760	0.007875	
1761	0.007858	
1762	0.008028	
1763	0.012924	
1764	0.0218129	
1765	0.0214131	
1766	0.0192571	
1767	0.0179	
1768	0.0420332	
1769	0.0406148	
1770	0.0203109	
1771	0.0181291	
1772	0.0187621	
1773	0.018754	
1774	0.0184679	
1775	0.019994	
1776	0.016516	
1777	0.0095611	
1778	0.02212	
1779	0.016191	
1780	0.014014	
1781	0.0214131	
1782	0.0179861	
1783	0.01965	
1784	0.0445108	
1785	0.0730028	
1786	0.019074	
1787	0.0180011	
1788	0.018858	
1789	0.019238	
1790	0.014359	
1791	0.0456049	
1792	0.0149481	
1793	0.0139141	
1794	0.0180571	
1795	0.0139868	
1796	0.027503	
1797	0.0338168	
1798	0.0430529	
1799	0.028126	
1800	0.0224729	
1801	0.0177898	
1802	0.0193808	
1803	0.0311072	
1804	0.0164039	
1805	0.0108001	
1806	0.0173531	
1807	0.0138929	
1808	0.013499	
1809	0.020153	
1810	0.026638	
1811	0.1070089	
1812	0.0206141	
1813	0.0176051	
1814	0.0140622	
1815	0.014091	
1816	0.0256519	
1817	0.0138202	
1818	0.0191169	
1819	0.0208979	
1820	0.0138028	
1821	0.0192521	
1822	0.0295329	
1823	0.02791	
1824	0.026648	
1825	0.0196769	
1826	0.0328751	
1827	0.0213161	
1828	0.011765	
1829	0.015048	
1830	0.009563	
1831	0.0094872	
1832	0.0093191	
1833	0.0194349	
1834	0.017097	
1835	0.0201519	
1836	0.020534	
1837	0.018069	
1838	0.0732889	
1839	0.0233378	
1840	0.0164888	
1841	0.021462	
1842	0.0193281	
1843	0.018636	
1844	0.021229	
1845	0.0146821	
1846	0.0117369	
1847	0.024281	
1848	0.0283461	
1849	0.0275509	
1850	0.0668068	
1851	0.0405478	
1852	0.017602	
1853	0.027209	
1854	0.0408502	
1855	0.0269389	
1856	0.0260551	
1857	0.0183969	
1858	0.03089	
1859	0.0646651	
1860	0.0272222	
1861	0.0131509	
1862	0.0158899	
1863	0.011009	
1864	0.0111489	
1865	0.0179651	
1866	0.0209181	
1867	0.018573	
1868	0.027822	
1869	0.0203912	
1870	0.01758	
1871	0.013581	
1872	0.020164	
1873	0.018379	
1874	0.0135269	
1875	0.0199189	
1876	0.0207009	
1877	0.0141551	
1878	0.0138409	
1879	0.0154982	
1880	0.0173409	
1881	0.0232508	
1882	0.0142128	
1883	0.0152421	
1884	0.0195711	
1885	0.014204	
1886	0.029418	
1887	0.0176709	
1888	0.014828	
1889	0.011342	
1890	0.0109711	
1891	0.0183899	
1892	0.0187278	
1893	0.026938	
1894	0.0283	
1895	0.0187051	
1896	0.0300829	
1897	0.02703	
1898	0.0373869	
1899	0.0372639	
1900	0.0259199	
1901	0.0204861	
1902	0.015213	
1903	0.0111959	
1904	0.0108562	
1905	0.011483	
1906	0.0171752	
1907	0.0236561	
1908	0.0232899	
1909	0.0142188	
1910	0.0198898	
1911	0.0259969	
1912	0.0274482	
1913	0.033962	
1914	0.0352039	
1915	0.0278859	
1916	0.0325642	
1917	0.0143151	
1918	0.013665	
1919	0.014122	
1920	0.013823	
1921	0.036813	
1922	0.0317528	
1923	0.0226519	
1924	0.0248139	
1925	0.0221989	
1926	0.013881	
1927	0.0232799	
1928	0.030596	
1929	0.0260701	
1930	0.013469	
1931	0.022402	
1932	0.0180628	
1933	0.018347	
1934	0.031631	
1935	0.0478251	
1936	0.0319979	
1937	0.0251598	
1938	0.0492859	
1939	0.0468972	
1940	0.0498781	
1941	0.0318079	
1942	0.024688	
1943	0.013799	
1944	0.013813	
1945	0.0340362	
1946	0.0296509	
1947	0.0222352	
1948	0.0182531	
1949	0.0415261	
1950	0.0263739	
1951	0.0308049	
1952	0.018611	
1953	0.0184371	
1954	0.01827	
1955	0.032654	
1956	0.0150008	
1957	0.0178859	
1958	0.013622	
1959	0.0206451	
1960	0.03055	
1961	0.0217981	
1962	0.0138578	
1963	0.0343349	
1964	0.030545	
1965	0.0511911	
1966	0.035907	
1967	0.042841	
1968	0.0209279	
1969	0.0177951	
1970	0.0199029	
1971	0.01421	
1972	0.020915	
1973	0.022208	
1974	0.013222	
1975	0.0138049	
1976	0.027447	
1977	0.0386062	
1978	0.0342519	
1979	0.0279958	
1980	0.0653708	
1981	0.0363739	
1982	0.0170419	
1983	0.0140369	
1984	0.0154638	
1985	0.019908	
1986	0.032053	
1987	0.0173199	
1988	0.025465	
1989	0.017982	
1990	0.0219748	
1991	0.0177898	
1992	0.024184	
1993	0.013351	
1994	0.0203738	
1995	0.0322289	
1996	0.0234179	
1997	0.0177839	
1998	0.014596	
1999	0.0139101	
2000	0.0205619	
2001	0.051017	
2002	0.048749	
2003	0.02461	
2004	0.0200608	
2005	0.018528	
2006	0.027055	
2007	0.065774	
2008	0.0452862	
2009	0.0248032	
2010	0.018626	
2011	0.0286679	
2012	0.060039	
2013	0.0491259	
2014	0.018754	
2015	0.0177178	
2016	0.0245819	
2017	0.0744591	
2018	0.0629611	
2019	0.0251341	
2020	0.0249131	
2021	0.0307751	
2022	0.0507669	
2023	0.0343351	
2024	0.0273271	
2025	0.0245001	
2026	0.038729	
2027	0.0520778	
2028	0.0721359	
2029	0.0186181	
2030	0.0314741	
2031	0.0490289	
2032	0.0602992	
2033	0.037333	
2034	0.0344422	
2035	0.0972281	
2036	0.0407169	
2037	0.0286949	
2038	0.022114	
2039	0.023524	
2040	0.035095	
2041	0.0611749	
2042	0.1307578	
2043	0.0094149	
2044	0.014698	
2045	0.0093601	
2046	0.0162451	
2047	0.009336	
2048	0.0124562	
2049	0.0103099	
2050	0.0124331	
2051	0.006907	
2052	0.0068979	
2053	0.007215	
2054	0.006685	
2055	0.0069888	
2056	0.0071299	
2057	0.00683	
2058	0.013417	
2059	0.0117948	
2060	0.0103641	
2061	0.0101111	
2062	0.0172651	
2063	0.016402	
2064	0.018749	
2065	0.0180819	
2066	0.019037	
2067	0.014333	
2068	0.0444052	
2069	0.0188198	
2070	0.0184469	
2071	0.019681	
2072	0.0161898	
2073	0.0104821	
2074	0.0107491	
2075	0.0170381	
2076	0.013325	
2077	0.0286291	
2078	0.063839	
2079	0.0520761	
2080	0.1207039	
2081	0.0298698	
2082	0.0194571	
2083	0.0113199	
2084	0.016763	
2085	0.0151849	
2086	0.011049	
2087	0.0327482	
2088	0.0510569	
2089	0.075583	
2090	0.0768661	
2091	0.038276	
2092	0.0160589	
2093	0.0177212	
2094	0.0133719	
2095	0.013782	
2096	0.016094	
2097	0.0344188	
2098	0.0276172	
2099	0.04406	
2100	0.0284491	
2101	0.0959799	
2102	0.0547612	
2103	0.0145049	
2104	0.011688	
2105	0.010716	
2106	0.0114081	
2107	0.0165629	
2108	0.0393472	
2109	0.051471	
2110	0.027817	
2111	0.071017	
2112	0.089324	
2113	0.0219491	
2114	0.0142429	
2115	0.0144629	
2116	0.010741	
2117	0.0311911	
2118	0.0524199	
2119	0.028136	
2120	0.045511	
2121	0.0548129	
2122	0.0748901	
2123	0.0227499	
2124	0.013881	
2125	0.0131409	
2126	0.0113871	
2127	0.0153999	
2128	0.0874679	
2129	0.0386422	
2130	0.0427001	
2131	0.0981259	
2132	0.0187342	
2133	0.013854	
2134	0.018306	
2135	0.0135078	
2136	0.0344799	
2137	0.0721579	
2138	0.0225048	
2139	0.0303068	
2140	0.0935721	
2141	0.0265141	
2142	0.0204341	
2143	0.0178459	
2144	0.013881	
2145	0.022779	
2146	0.06271	
2147	0.0304432	
2148	0.018981	
2149	0.0893111	
2150	0.0261559	
2151	0.0260608	
2152	0.0274639	
2153	0.022043	
2154	0.018271	
2155	0.0274289	
2156	0.032835	
2157	0.022893	
2158	0.019011	
2159	0.018806	
2160	0.096174	
2161	0.045651	
2162	0.049422	
2163	0.0347121	
2164	0.0283091	
2165	0.051904	
2166	0.0190411	
2167	0.019259	
2168	0.0480239	
2169	0.0512252	
2170	0.078064	
2171	0.0662699	
2172	0.0301299	
2173	0.034224	
2174	0.025466	
2175	0.0186009	
2176	0.0173359	
2177	0.0494919	
2178	0.078475	
2179	0.0614169	
2180	0.0366218	
2181	0.0249109	
2182	0.026686	
2183	0.060679	
2184	0.0285461	
2185	0.0322261	
2186	0.0751021	
2187	0.068975	
2188	0.0344789	
2189	0.031744	
2190	0.0371721	
2191	0.0461092	
2192	0.018997	
2193	0.0260992	
2194	0.0283611	
2195	0.0438609	
2196	0.064537	
2197	0.052171	
2198	0.0554368	
2199	0.0406308	
2200	0.0407469	
2201	0.036387	
2202	0.029099	
2203	0.0340471	
2204	0.1049562	
2205	0.0674071	
2206	0.0379739	
2207	0.0279388	
2208	0.0338671	
2209	0.043581	
2210	0.022413	
2211	0.0204079	
2212	0.0367019	
2213	0.0520761	
2214	0.0648201	
2215	0.0737181	
2216	0.0200651	
2217	0.0266099	
2218	0.052525	
2219	0.0448339	
2220	0.074604	
2221	0.0538299	
2222	0.0572681	
2223	0.0312471	
2224	0.018152	
2225	0.01858	
2226	0.0479441	
2227	0.075325	
2228	0.0969648	
2229	0.0600798	
2230	0.037241	
2231	0.0183911	
2232	0.0251191	
2233	0.0305569	
2234	0.0333798	
2235	0.0492229	
2236	0.095511	
2237	0.0574751	
2238	0.040056	
2239	0.0175509	
2240	0.025172	
2241	0.029485	
2242	0.0742891	
2243	0.0226371	
2244	0.0281899	
2245	0.024226	
2246	0.0186551	
2247	0.038202	
2248	0.0541091	
2249	0.044981	
2250	0.0231159	
2251	0.0246119	
2252	0.0520082	
2253	0.044348	
2254	0.0230811	
2255	0.029645	
2256	0.034261	
2257	0.0296102	
2258	0.0375471	
2259	0.0538499	
2260	0.0319779	
2261	0.03055	
2262	0.0523021	
2263	0.0439181	
2264	0.048341	
2265	0.0557492	
2266	0.032634	
2267	0.0591242	
2268	0.058399	
2269	0.0225818	
2270	0.0177848	
2271	0.0476129	
2272	0.0997951	
2273	0.0279782	
2274	0.017869	
2275	0.045876	
2276	0.0674901	
2277	0.039762	
2278	0.1060932	
2279	0.0609231	
2280	0.021204	
2281	0.0192029	
2282	0.0293109	
2283	0.0407441	
2284	0.0385621	
2285	0.036226	
2286	0.0359459	
2287	0.0387969	
2288	0.0698619	
2289	0.0283761	
2290	0.017669	
2291	0.0206921	
2292	0.0227401	
2293	0.0478921	
2294	0.0608809	
2295	0.0384068	
2296	0.044487	
2297	0.084734	
2298	0.0296309	
2299	0.01875	
2300	0.0292881	
2301	0.0318038	
2302	0.0326409	
2303	0.0733988	
2304	0.0331831	
2305	0.0276241	
2306	0.0352552	
2307	0.0629542	
2308	0.0510399	
2309	0.027122	
2310	0.0195329	
2311	0.0311248	
2312	0.0784822	
2313	0.0540202	
2314	0.0683	
2315	0.035109	
2316	0.062207	
2317	0.0272198	
2318	0.0202131	
2319	0.0408239	
2320	0.043623	
2321	0.027427	
2322	0.057456	
2323	0.043334	
2324	0.0667119	
2325	0.0248899	
2326	0.0139539	
2327	0.014045	
2328	0.02563	
2329	0.0595131	
2330	0.0434039	
2331	0.059444	
2332	0.0263801	
2333	0.03177	
2334	0.0680671	
2335	0.0137832	
2336	0.0139651	
2337	0.013716	
2338	0.0535069	
2339	0.0311511	
2340	0.0177901	
2341	0.0184422	
2342	0.0207222	
2343	0.030416	
2344	0.084738	
2345	0.051399	
2346	0.0301011	
2347	0.024996	
2348	0.0301192	
2349	0.0362279	
2350	0.018744	
2351	0.0173459	
2352	0.014055	
2353	0.0390508	
2354	0.0823021	
2355	0.047148	
2356	0.0441079	
2357	0.0283101	
2358	0.073138	
2359	0.013592	
2360	0.0135751	
2361	0.0138299	
2362	0.0612071	
2363	0.056349	
2364	0.0541401	
2365	0.0283461	
2366	0.0704699	
2367	0.0322151	
2368	0.0205691	
2369	0.0177119	
2370	0.0207829	
2371	0.040952	
2372	0.0863018	
2373	0.0500891	
2374	0.0462821	
2375	0.0730939	
2376	0.0205309	
2377	0.029557	
2378	0.0174148	
2379	0.0137651	
2380	0.0443332	
2381	0.0935061	
2382	0.0358708	
2383	0.043045	
2384	0.033782	
2385	0.034483	
2386	0.0229681	
2387	0.0138199	
2388	0.0138891	
2389	0.0247951	
2390	0.083075	
2391	0.0407772	
2392	0.046838	
2393	0.0535381	
2394	0.0457282	
2395	0.031796	
2396	0.018348	
2397	0.0137861	
2398	0.0138321	
2399	0.08516	
2400	0.0399189	
2401	0.0253069	
2402	0.0344021	
2403	0.061291	
2404	0.0446939	
2405	0.01985	
2406	0.0140729	
2407	0.014149	
2408	0.0198102	
2409	0.0378141	
2410	0.030158	
2411	0.0303979	
2412	0.021508	
2413	0.030561	
2414	0.052258	
2415	0.0679271	
2416	0.0322781	
2417	0.0231051	
2418	0.0212731	
2419	0.034935	
2420	0.074199	
2421	0.038512	
2422	0.0514669	
2423	0.0633218	
2424	0.0386569	
2425	0.036552	
2426	0.0280879	
2427	0.0843849	
2428	0.0336499	
2429	0.02739	
2430	0.0192289	
2431	0.0260742	
2432	0.047523	
2433	0.0584669	
2434	0.049118	
2435	0.0378392	
2436	0.0277822	
2437	0.0692019	
2438	0.027065	
2439	0.0170689	
2440	0.023066	
2441	0.0334802	
2442	0.0461731	
2443	0.0603249	
2444	0.0459158	
2445	0.0279431	
2446	0.0298581	
2447	0.0486159	
2448	0.0184159	
2449	0.018708	
2450	0.0227132	
2451	0.0252361	
2452	0.0341072	
2453	0.052753	
2454	0.0640731	
2455	0.0463512	
2456	0.034111	
2457	0.0320611	
2458	0.026155	
2459	0.0181439	
2460	0.030242	
2461	0.033509	
2462	0.018255	
2463	0.017724	
2464	0.04392	
2465	0.0743918	
2466	0.038717	
2467	0.0539069	
2468	0.030349	
2469	0.0334551	
2470	0.0233459	
2471	0.0184009	
2472	0.0239999	
2473	0.0176919	
2474	0.0807781	
2475	0.0333841	
2476	0.0315139	
2477	0.0417979	
2478	0.0658181	
2479	0.0467262	
2480	0.01982	
2481	0.01371	
2482	0.0212939	
2483	0.077703	
2484	0.0679202	
2485	0.0428281	
2486	0.05988	
2487	0.0249581	
2488	0.0218041	
2489	0.017853	
2490	0.013854	
2491	0.0217209	
2492	0.0700271	
2493	0.0275221	
2494	0.0277469	
2495	0.0329089	
2496	0.0499289	
2497	0.0566759	
2498	0.0359991	
2499	0.021625	
2500	0.0181601	
2501	0.0210922	
2502	0.08707	
2503	0.0269279	
2504	0.061224	
2505	0.046633	
2506	0.0809052	
2507	0.0187011	
2508	0.0186529	
2509	0.0863159	
2510	0.026876	
2511	0.058681	
2512	0.036005	
2513	0.071425	
2514	0.0287521	
2515	0.0185592	
2516	0.0584481	
2517	0.0350928	
2518	0.029021	
2519	0.0371912	
2520	0.0492282	
2521	0.0699651	
2522	0.040354	
2523	0.037257	
2524	0.0337641	
2525	0.0697851	
2526	0.0527411	
2527	0.024967	
2528	0.0319259	
2529	0.0480218	
2530	0.064954	
2531	0.0382349	
2532	0.0186131	
2533	0.0314071	
2534	0.061563	
2535	0.0612638	
2536	0.0210812	
2537	0.030946	
2538	0.0431042	
2539	0.0626931	
2540	0.041039	
2541	0.0375819	
2542	0.018007	
2543	0.026001	
2544	0.03214	
2545	0.0370579	
2546	0.058795	
2547	0.0216379	
2548	0.0657551	
2549	0.0435269	
2550	0.0291259	
2551	0.0182121	
2552	0.0228469	
2553	0.0183768	
2554	0.030828	
2555	0.0741961	
2556	0.0221732	
2557	0.0183239	
2558	0.0652349	
2559	0.032131	
2560	0.0273302	
2561	0.0387981	
2562	0.0393219	
2563	0.025429	
2564	0.0330379	
2565	0.0563269	
2566	0.0250721	
2567	0.0279479	
2568	0.0593269	
2569	0.0254321	
2570	0.025676	
2571	0.0193181	
2572	0.031354	
2573	0.0321331	
2574	0.023026	
2575	0.027755	
2576	0.041465	
2577	0.0325339	
2578	0.0281382	
2579	0.0650489	
2580	0.0304289	
2581	0.0271649	
2582	0.031307	
2583	0.0341661	
2584	0.0326869	
2585	0.0474799	
2586	0.0527389	
2587	0.0303881	
2588	0.0521748	
2589	0.0503571	
2590	0.058265	
2591	0.0319068	
2592	0.018676	
2593	0.0307379	
2594	0.0298622	
2595	0.0458281	
2596	0.041523	
2597	0.0432999	
2598	0.0390649	
2599	0.0428751	
2600	0.0879939	
2601	0.038763	
2602	0.0290999	
2603	0.031805	
2604	0.027725	
2605	0.048255	
2606	0.027065	
2607	0.0354722	
2608	0.06846	
2609	0.027734	
2610	0.0409122	
2611	0.027281	
2612	0.034477	
2613	0.030014	
2614	0.032933	
2615	0.024555	
2616	0.0268939	
2617	0.0685291	
2618	0.0520289	
2619	0.0741701	
2620	0.02737	
2621	0.0326478	
2622	0.037966	
2623	0.028981	
2624	0.0252888	
2625	0.026546	
2626	0.1339371	
2627	0.052402	
2628	0.0263262	
2629	0.037056	
2630	0.0270941	
2631	0.0180159	
2632	0.0363278	
2633	0.083034	
2634	0.0293629	
2635	0.0273979	
2636	0.048455	
2637	0.0382431	
2638	0.0273461	
2639	0.0245101	
2640	0.017621	
2641	0.024688	
2642	0.0650439	
2643	0.052036	
2644	0.070123	
2645	0.027648	
2646	0.0420189	
2647	0.035686	
2648	0.035387	
2649	0.0200782	
2650	0.0186629	
2651	0.1116869	
2652	0.0708718	
2653	0.0363171	
2654	0.043396	
2655	0.0314529	
2656	0.02477	
2657	0.018142	
2658	0.0981889	
2659	0.027863	
2660	0.0585082	
2661	0.027822	
2662	0.0204389	
2663	0.0216551	
2664	0.0375559	
2665	0.021127	
2666	0.026047	
2667	0.1296442	
2668	0.0644171	
2669	0.0238938	
2670	0.0232921	
2671	0.0244608	
2672	0.035121	
2673	0.0321069	
2674	0.100385	
2675	0.0316279	
2676	0.034755	
2677	0.0532351	
2678	0.017751	
2679	0.0198159	
2680	0.0211599	
2681	0.0389371	
2682	0.0278561	
2683	0.12111	
2684	0.0286531	
2685	0.0444019	
2686	0.0216949	
2687	0.018383	
2688	0.0344028	
2689	0.0346999	
2690	0.0464201	
2691	0.0520751	
2692	0.0576942	
2693	0.044703	
2694	0.0278659	
2695	0.0516801	
2696	0.022826	
2697	0.031836	
2698	0.0248981	
2699	0.028568	
2700	0.1272759	
2701	0.0355511	
2702	0.0135961	
2703	0.0330141	
2704	0.0182931	
2705	0.0373862	
2706	0.0290132	
2707	0.0309072	
2708	0.0793872	
2709	0.0767982	
2710	0.0337591	
2711	0.0140798	
2712	0.029202	
2713	0.025732	
2714	0.036932	
2715	0.0179141	
2716	0.0277569	
2717	0.0684428	
2718	0.0816171	
2719	0.0378911	
2720	0.0148041	
2721	0.0209599	
2722	0.0325229	
2723	0.043407	
2724	0.0247149	
2725	0.0266659	
2726	0.0461171	
2727	0.0933962	
2728	0.0511951	
2729	0.01403	
2730	0.023308	
2731	0.0256579	
2732	0.048707	
2733	0.0199111	
2734	0.013521	
2735	0.0190969	
2736	0.0244319	
2737	0.105226	
2738	0.040354	
2739	0.032372	
2740	0.0312009	
2741	0.0605309	
2742	0.0180371	
2743	0.0191331	
2744	0.051301	
2745	0.103781	
2746	0.0250251	
2747	0.032506	
2748	0.0280571	
2749	0.063839	
2750	0.018877	
2751	0.0185909	
2752	0.038075	
2753	0.0887122	
2754	0.027349	
2755	0.03181	
2756	0.026247	
2757	0.027468	
2758	0.070354	
2759	0.0189891	
2760	0.016722	
2761	0.0270112	
2762	0.0880442	
2763	0.0268538	
2764	0.03949	
2765	0.0598359	
2766	0.059185	
2767	0.036474	
2768	0.0163741	
2769	0.0138311	
2770	0.0212409	
2771	0.0829742	
2772	0.0292852	
2773	0.0298791	
2774	0.0429409	
2775	0.067786	
2776	0.0397658	
2777	0.0142009	
2778	0.019309	
2779	0.01827	
2780	0.0723491	
2781	0.0268118	
2782	0.0210919	
2783	0.037446	
2784	0.034925	
2785	0.027895	
2786	0.0381081	
2787	0.0638089	
2788	0.0273559	
2789	0.0526249	
2790	0.0270131	
2791	0.0185311	
2792	0.016582	
2793	0.020113	
2794	0.0280519	
2795	0.033426	
2796	0.045162	
2797	0.0655131	
2798	0.041255	
2799	0.0624189	
2800	0.0464759	
2801	0.054842	
2802	0.0246122	
2803	0.0337892	
2804	0.0349522	
2805	0.0421071	
2806	0.064384	
2807	0.0563681	
2808	0.057457	
2809	0.0545058	
2810	0.0491061	
2811	0.0464931	
2812	0.0316191	
2813	0.0371912	
2814	0.0511281	
2815	0.0618818	
2816	0.0377431	
2817	0.0374508	
2818	0.0313029	
2819	0.027854	
2820	0.044313	
2821	0.0570209	
2822	0.030494	
2823	0.0460761	
2824	0.028291	
2825	0.057209	
2826	0.043416	
2827	0.04247	
2828	0.0285201	
2829	0.0144172	
2830	0.0139511	
2831	0.023113	
2832	0.0276611	
2833	0.051439	
2834	0.0493221	
2835	0.0365081	
2836	0.0491419	
2837	0.0474908	
2838	0.027658	
2839	0.0250249	
2840	0.016552	
2841	0.0230589	
2842	0.017029	
2843	0.0446341	
2844	0.048131	
2845	0.0267811	
2846	0.0465128	
2847	0.1135261	
2848	0.0228992	
2849	0.0267558	
2850	0.0188789	
2851	0.0428841	
2852	0.035109	
2853	0.0217738	
2854	0.0237181	
2855	0.026366	
2856	0.036669	
2857	0.0402589	
2858	0.027487	
2859	0.0277138	
2860	0.0478041	
2861	0.0261111	
2862	0.0239458	
2863	0.0450919	
2864	0.019022	
2865	0.0184889	
2866	0.020669	
2867	0.030405	
2868	0.055069	
2869	0.033273	
2870	0.0487599	
2871	0.043649	
2872	0.022655	
2873	0.024581	
2874	0.03409	
2875	0.0282469	
2876	0.0134459	
2877	0.013844	
2878	0.0349309	
2879	0.054384	
2880	0.0507081	
2881	0.067045	
2882	0.0228519	
2883	0.0184591	
2884	0.025769	
2885	0.04864	
2886	0.0182738	
2887	0.020344	
2888	0.0389578	
2889	0.0768199	
2890	0.0790021	
2891	0.0385561	
2892	0.0238228	
2893	0.018357	
2894	0.0309138	
2895	0.0187252	
2896	0.023658	
2897	0.039767	
2898	0.033046	
2899	0.053185	
2900	0.0913241	
2901	0.0351219	
2902	0.0177939	
2903	0.0173991	
2904	0.0201871	
2905	0.0220928	
2906	0.020304	
2907	0.026377	
2908	0.0421519	
2909	0.0960269	
2910	0.0558579	
2911	0.0438201	
2912	0.0180111	
2913	0.018178	
2914	0.0141211	
2915	0.0220919	
2916	0.0191531	
2917	0.0185881	
2918	0.113781	
2919	0.053288	
2920	0.0582061	
2921	0.0240779	
2922	0.013624	
2923	0.021848	
2924	0.0109589	
2925	0.025486	
2926	0.0181172	
2927	0.0683141	
2928	0.0560319	
2929	0.0984788	
2930	0.035888	
2931	0.0281119	
2932	0.0190361	
2933	0.0215631	
2934	0.0290129	
2935	0.0871689	
2936	0.093365	
2937	0.0512981	
2938	0.0563989	
2939	0.0207419	
2940	0.0141368	
2941	0.032135	
2942	0.0338819	
2943	0.02811	
2944	0.037518	
2945	0.095082	
2946	0.0748081	
2947	0.0187969	
2948	0.017843	
2949	0.0260251	
2950	0.0527868	
2951	0.0349782	
2952	0.065176	
2953	0.122421	
2954	0.031096	
2955	0.023622	
2956	0.0273521	
2957	0.03035	
2958	0.0180349	
2959	0.0355721	
2960	0.048444	
2961	0.083354	
2962	0.027596	
2963	0.0275862	
2964	0.0209432	
2965	0.0276971	
2966	0.0172732	
2967	0.0113502	
2968	0.0256052	
2969	0.0231001	
2970	0.0254722	
2971	0.1315048	
2972	0.044414	
2973	0.0386178	
2974	0.017442	
2975	0.025995	
2976	0.0210321	
2977	0.01388	
2978	0.0199502	
2979	0.027303	
2980	0.1289971	
2981	0.068228	
2982	0.021019	
2983	0.013737	
2984	0.014329	
2985	0.0189939	
2986	0.022629	
2987	0.1657	
2988	0.0577428	
2989	0.024749	
2990	0.0157349	
2991	0.0156088	
2992	0.0163379	
2993	0.0138249	
2994	0.0336909	
2995	0.148489	
2996	0.0681129	
2997	0.0225539	
2998	0.0094719	
2999	0.0219591	
3000	0.01371	
3001	0.013613	
3002	0.0413549	
3003	0.1314149	
3004	0.071156	
3005	0.0182378	
3006	0.0210261	
3007	0.0111971	
3008	0.016439	
3009	0.0223069	
3010	0.0238299	
3011	0.1483679	
3012	0.0600789	
3013	0.0163431	
3014	0.0175872	
3015	0.009027	
3016	0.009078	
3017	0.0223551	
3018	0.0189459	
3019	0.0807378	
3020	0.0520461	
3021	0.1201482	
3022	0.0148041	
3023	0.012737	
3024	0.0221429	
3025	0.0154679	
3026	0.032479	
3027	0.0264509	
3028	0.0515249	
3029	0.1208789	
3030	0.01717	
3031	0.015003	
3032	0.01108	
3033	0.018851	
3034	0.0239079	
3035	0.0140209	
3036	0.0267689	
3037	0.0227242	
3038	0.0904	
3039	0.0553241	
3040	0.0612402	
3041	0.0383701	
3042	0.0223911	
3043	0.021842	
3044	0.012831	
3045	0.0141129	
3046	0.0226669	
3047	0.0194919	
3048	0.1360018	
3049	0.0405421	
3050	0.0237861	
3051	0.0189378	
3052	0.0133519	
3053	0.0140371	
3054	0.025749	
3055	0.0266449	
3056	0.149704	
3057	0.029767	
3058	0.020061	
3059	0.0218029	
3060	0.0207641	
3061	0.0140531	
3062	0.0307159	
3063	0.0200639	
3064	0.024251	
3065	0.1036029	
3066	0.041708	
3067	0.0383821	
3068	0.0274439	
3069	0.021616	
3070	0.0189049	
3071	0.0380559	
3072	0.034102	
3073	0.025104	
3074	0.1086369	
3075	0.037605	
3076	0.0266068	
3077	0.031239	
3078	0.020972	
3079	0.0482318	
3080	0.0298882	
3081	0.0185091	
3082	0.0258451	
3083	0.120239	
3084	0.0177338	
3085	0.0296619	
3086	0.018014	
3087	0.0354319	
3088	0.0216551	
3089	0.030117	
3090	0.022151	
3091	0.0391898	
3092	0.1143899	
3093	0.034863	
3094	0.017837	
3095	0.0213959	
3096	0.0431409	
3097	0.0263169	
3098	0.028178	
3099	0.028434	
3100	0.1011512	
3101	0.060817	
3102	0.030009	
3103	0.024317	
3104	0.039494	
3105	0.0252621	
3106	0.0325849	
3107	0.0342939	
3108	0.084666	
3109	0.065932	
3110	0.0381229	
3111	0.0143411	
3112	0.0114238	
3113	0.0170591	
3114	0.0145862	
3115	0.0111821	
3116	0.0275631	
3117	0.0320539	
3118	0.051136	
3119	0.0694022	
3120	0.0585721	
3121	0.03139	
3122	0.0262022	
3123	0.0287602	
3124	0.0168111	
3125	0.0137691	
3126	0.0294361	
3127	0.0678549	
3128	0.027288	
3129	0.0516539	
3130	0.0805669	
3131	0.0615211	
3132	0.0219002	
3133	0.013979	
3134	0.014997	
3135	0.032377	
3136	0.0479579	
3137	0.0240409	
3138	0.0320349	
3139	0.0641079	
3140	0.0262661	
3141	0.0465441	
3142	0.026293	
3143	0.0316589	
3144	0.0229828	
3145	0.036134	
3146	0.049067	
3147	0.0188901	
3148	0.0309911	
3149	0.0644739	
3150	0.0810981	
3151	0.0376911	
3152	0.0338449	
3153	0.0277588	
3154	0.041476	
3155	0.02107	
3156	0.025651	
3157	0.0183361	
3158	0.0319819	
3159	0.026114	
3160	0.0544841	
3161	0.053674	
3162	0.0296891	
3163	0.0247369	
3164	0.0232821	
3165	0.0426579	
3166	0.026921	
3167	0.0216162	
3168	0.0175841	
3169	0.0213401	
3170	0.017617	
3171	0.0496449	
3172	0.083899	
3173	0.0515611	
3174	0.04089	
3175	0.0306239	
3176	0.0284228	
3177	0.0321221	
3178	0.0314541	
3179	0.020453	
3180	0.078243	
3181	0.065562	
3182	0.0388	
3183	0.021389	
3184	0.0231109	
3185	0.0267589	
3186	0.0185521	
3187	0.033443	
3188	0.026979	
3189	0.095598	
3190	0.0582631	
3191	0.0306821	
3192	0.018815	
3193	0.0199449	
3194	0.0183489	
3195	0.0239608	
3196	0.0246441	
3197	0.0320952	
3198	0.042707	
3199	0.0480931	
3200	0.0469019	
3201	0.070003	
3202	0.0442891	
3203	0.0215549	
3204	0.0196431	
3205	0.01755	
3206	0.014046	
3207	0.022557	
3208	0.0205481	
3209	0.0286441	
3210	0.037364	
3211	0.0527761	
3212	0.075408	
3213	0.0659101	
3214	0.019891	
3215	0.0142431	
3216	0.0294938	
3217	0.035744	
3218	0.0311251	
3219	0.0356851	
3220	0.0520389	
3221	0.055109	
3222	0.0788589	
3223	0.014276	
3224	0.013819	
3225	0.028506	
3226	0.033186	
3227	0.0266149	
3228	0.0179651	
3229	0.0271752	
3230	0.0712011	
3231	0.071573	
3232	0.15327	
3233	0.0094821	
3234	0.0124011	
3235	0.0089529	
3236	0.0128942	
3237	0.0091112	
3238	0.0114801	
3239	0.0072801	
3240	0.006917	
3241	0.0097659	
3242	0.0160849	
3243	0.008579	
3244	0.008899	
3245	0.009418	
3246	0.011348	
3247	0.018548	
3248	0.0148871	
3249	0.01388	
3250	0.015902	
3251	0.010957	
3252	0.013649	
3253	0.009438	
3254	0.0088222	
3255	0.009234	
3256	0.0092061	
3257	0.01473	
3258	0.0110569	
3259	0.012706	
3260	0.0096529	
3261	0.014962	
3262	0.0169039	
3263	0.0141919	
3264	0.0165269	
3265	0.0111129	
3266	0.016155	
3267	0.0500329	
3268	0.103426	
3269	0.0290141	
3270	0.0185752	
3271	0.0379591	
3272	0.035109	
3273	0.020828	
3274	0.0138779	
3275	0.014385	
3276	0.026752	
3277	0.042475	
3278	0.0989101	
3279	0.0180979	
3280	0.0184329	
3281	0.035363	
3282	0.049804	
3283	0.0165789	
3284	0.0134859	
3285	0.0168219	
3286	0.0212431	
3287	0.0274918	
3288	0.0886459	
3289	0.0313599	
3290	0.0182581	
3291	0.0371351	
3292	0.0654602	
3293	0.023771	
3294	0.017525	
3295	0.011364	
3296	0.034976	
3297	0.0392549	
3298	0.067086	
3299	0.0236819	
3300	0.0306311	
3301	0.083246	
3302	0.0229681	
3303	0.0162859	
3304	0.015281	
3305	0.0166309	
3306	0.034683	
3307	0.0599811	
3308	0.032203	
3309	0.0326068	
3310	0.027962	
3311	0.0975289	
3312	0.0554531	
3313	0.0283661	
3314	0.0334651	
3315	0.0574188	
3316	0.064151	
3317	0.090122	
3318	0.0653892	
3319	0.044601	
3320	0.0140581	
3321	0.0139291	
3322	0.0220089	
3323	0.01985	
3324	0.0533171	
3325	0.1004069	
3326	0.052819	
3327	0.0577939	
3328	0.03003	
3329	0.018415	
3330	0.0196509	
3331	0.0212669	
3332	0.0253239	
3333	0.0570731	
3334	0.0684319	
3335	0.0405321	
3336	0.0883741	
3337	0.0235839	
3338	0.0200489	
3339	0.0218351	
3340	0.0157142	
3341	0.048346	
3342	0.0802131	
3343	0.1073229	
3344	0.0281889	
3345	0.0168271	
3346	0.0156839	
3347	0.017823	
3348	0.013509	
3349	0.020442	
3350	0.0563941	
3351	0.0404599	
3352	0.0283442	
3353	0.1210361	
3354	0.030654	
3355	0.022613	
3356	0.0093489	
3357	0.0110512	
3358	0.0115781	
3359	0.019063	
3360	0.041893	
3361	0.0645549	
3362	0.1190031	
3363	0.0325458	
3364	0.0250051	
3365	0.0224721	
3366	0.0091059	
3367	0.016361	
3368	0.0090079	
3369	0.0157688	
3370	0.016758	
3371	0.0337141	
3372	0.1281741	
3373	0.041858	
3374	0.0196509	
3375	0.021251	
3376	0.01422	
3377	0.012207	
3378	0.0154471	
3379	0.01122	
3380	0.0303671	
3381	0.0401862	
3382	0.131243	
3383	0.0331759	
3384	0.0257921	
3385	0.015341	
3386	0.0139899	
3387	0.011482	
3388	0.016448	
3389	0.009547	
3390	0.0152202	
3391	0.0276291	
3392	0.0367749	
3393	0.132478	
3394	0.0522099	
3395	0.0219929	
3396	0.0273411	
3397	0.0158942	
3398	0.0093071	
3399	0.0143139	
3400	0.0272701	
3401	0.023047	
3402	0.1246881	
3403	0.0551119	
3404	0.025388	
3405	0.0308411	
3406	0.0274949	
3407	0.024087	
3408	0.0483809	
3409	0.102114	
3410	0.0532131	
3411	0.0712581	
3412	0.038933	
3413	0.0329061	
3414	0.0451169	
3415	0.109338	
3416	0.0424569	
3417	0.0645781	
3418	0.046241	
3419	0.0359769	
3420	0.024754	
3421	0.0142448	
3422	0.0226641	
3423	0.0262032	
3424	0.074311	
3425	0.0281491	
3426	0.034004	
3427	0.0632739	
3428	0.0681591	
3429	0.0465121	
3430	0.0131679	
3431	0.017838	
3432	0.0224588	
3433	0.025558	
3434	0.06058	
3435	0.0278201	
3436	0.0459149	
3437	0.074007	
3438	0.027982	
3439	0.0255129	
3440	0.0179551	
3441	0.0252352	
3442	0.018352	
3443	0.023469	
3444	0.0394108	
3445	0.0293901	
3446	0.023195	
3447	0.037832	
3448	0.0729728	
3449	0.0268641	
3450	0.0297279	
3451	0.03457	
3452	0.0281	
3453	0.0213101	
3454	0.0512002	
3455	0.0361049	
3456	0.027488	
3457	0.0631468	
3458	0.0426171	
3459	0.0277162	
3460	0.0638461	
3461	0.02109	
3462	0.0161941	
3463	0.0137141	
3464	0.0267611	
3465	0.044117	
3466	0.02826	
3467	0.0442889	
3468	0.0520129	
3469	0.065011	
3470	0.0268369	
3471	0.02705	
3472	0.0180871	
3473	0.018348	
3474	0.0274441	
3475	0.0476	
3476	0.0278471	
3477	0.0788779	
3478	0.056545	
3479	0.0183918	
3480	0.0187869	
3481	0.028276	
3482	0.0207682	
3483	0.018929	
3484	0.0213468	
3485	0.0175891	
3486	0.0302711	
3487	0.0281551	
3488	0.0734901	
3489	0.062551	
3490	0.04268	
3491	0.0330179	
3492	0.0256271	
3493	0.0272381	
3494	0.0284488	
3495	0.0287571	
3496	0.0219259	
3497	0.040184	
3498	0.0491781	
3499	0.0580401	
3500	0.055701	
3501	0.0522499	
3502	0.0455589	
3503	0.017668	
3504	0.032573	
3505	0.01844	
3506	0.0249131	
3507	0.066946	
3508	0.026437	
3509	0.025805	
3510	0.0269811	
3511	0.0317261	
3512	0.027607	
3513	0.0272791	
3514	0.0384312	
3515	0.0315511	
3516	0.0209239	
3517	0.0196409	
3518	0.0248039	
3519	0.043267	
3520	0.038852	
3521	0.0524089	
3522	0.0520799	
3523	0.0336959	
3524	0.0339808	
3525	0.0494001	
3526	0.025974	
3527	0.027858	
3528	0.0457549	
3529	0.0279698	
3530	0.0582039	
3531	0.0670969	
3532	0.0320981	
3533	0.0290291	
3534	0.046628	
3535	0.03771	
3536	0.020344	
3537	0.0190361	
3538	0.0291271	
3539	0.0276308	
3540	0.0529759	
3541	0.037674	
3542	0.0293341	
3543	0.0278578	
3544	0.038645	
3545	0.0809	
3546	0.0270391	
3547	0.0257161	
3548	0.0182562	
3549	0.035917	
3550	0.031306	
3551	0.0180669	
3552	0.0186319	
3553	0.027142	
3554	0.0192142	
3555	0.0929711	
3556	0.059428	
3557	0.0542078	
3558	0.053453	
3559	0.079644	
3560	0.0473049	
3561	0.0948191	
3562	0.0470729	
3563	0.0298309	
3564	0.0306399	
3565	0.0265548	
3566	0.03582	
3567	0.0444739	
3568	0.027441	
3569	0.086812	
3570	0.0760942	
3571	0.030818	
3572	0.0243521	
3573	0.0337119	
3574	0.0702319	
3575	0.0553119	
3576	0.031106	
3577	0.0369301	
3578	0.086457	
3579	0.0397241	
3580	0.0311999	
3581	0.0258949	
3582	0.0269349	
3583	0.0264699	
3584	0.0361829	
3585	0.0388341	
3586	0.0438402	
3587	0.087162	
3588	0.030391	
3589	0.0389159	
3590	0.016695	
3591	0.022511	
3592	0.0284839	
3593	0.0232351	
3594	0.0296531	
3595	0.034122	
3596	0.0908821	
3597	0.034384	
3598	0.026186	
3599	0.0237079	
3600	0.0218959	
3601	0.0366371	
3602	0.0429881	
3603	0.023262	
3604	0.0383649	
3605	0.0487559	
3606	0.094897	
3607	0.04634	
3608	0.0275922	
3609	0.014251	
3610	0.027148	
3611	0.036731	
3612	0.0199032	
3613	0.0293632	
3614	0.0494752	
3615	0.086983	
3616	0.029175	
3617	0.020685	
3618	0.018472	
3619	0.018301	
3620	0.065938	
3621	0.042136	
3622	0.0503061	
3623	0.108551	
3624	0.054013	
3625	0.0209298	
3626	0.018064	
3627	0.053515	
3628	0.0689571	
3629	0.0279899	
3630	0.09302	
3631	0.0593209	
3632	0.0271051	
3633	0.0320032	
3634	0.034704	
3635	0.027806	
3636	0.0367229	
3637	0.018194	
3638	0.0260639	
3639	0.0877988	
3640	0.05111	
3641	0.0181	
3642	0.0176401	
3643	0.0234458	
3644	0.0435209	
3645	0.0817769	
3646	0.0668881	
3647	0.0697551	
3648	0.045826	
3649	0.018115	
3650	0.0184131	
3651	0.024328	
3652	0.038398	
3653	0.080075	
3654	0.048573	
3655	0.0475221	
3656	0.0599592	
3657	0.022052	
3658	0.01847	
3659	0.0172689	
3660	0.021322	
3661	0.08131	
3662	0.059839	
3663	0.0526569	
3664	0.0384209	
3665	0.0458028	
3666	0.0420401	
3667	0.0243471	
3668	0.0176919	
3669	0.0336571	
3670	0.0835781	
3671	0.0340378	
3672	0.02828	
3673	0.044899	
3674	0.0409191	
3675	0.0576129	
3676	0.0178149	
3677	0.0180809	
3678	0.0582609	
3679	0.0534651	
3680	0.053138	
3681	0.048516	
3682	0.0350971	
3683	0.0361059	
3684	0.0547249	
3685	0.0181379	
3686	0.018064	
3687	0.0790482	
3688	0.0616961	
3689	0.0404348	
3690	0.0382981	
3691	0.0272632	
3692	0.0625122	
3693	0.0264511	
3694	0.0745409	
3695	0.0677369	
3696	0.0278249	
3697	0.0497141	
3698	0.027725	
3699	0.0652311	
3700	0.0290551	
3701	0.064594	
3702	0.092916	
3703	0.0373569	
3704	0.039891	
3705	0.0377641	
3706	0.048121	
3707	0.0377541	
3708	0.0646398	
3709	0.0866649	
3710	0.0509169	
3711	0.034039	
3712	0.0524678	
3713	0.0335882	
3714	0.0379488	
3715	0.0634289	
3716	0.076004	
3717	0.0407159	
3718	0.0215781	
3719	0.043026	
3720	0.0465889	
3721	0.0434	
3722	0.029762	
3723	0.0427518	
3724	0.028676	
3725	0.0187011	
3726	0.0284822	
3727	0.0275791	
3728	0.0415151	
3729	0.0361278	
3730	0.0278621	
3731	0.064023	
3732	0.0270588	
3733	0.0369539	
3734	0.0330939	
3735	0.0275221	
3736	0.0398991	
3737	0.0396869	
3738	0.073844	
3739	0.0820601	
3740	0.027056	
3741	0.035605	
3742	0.0447989	
3743	0.0283661	
3744	0.018924	
3745	0.030669	
3746	0.0714741	
3747	0.0456569	
3748	0.068851	
3749	0.0230482	
3750	0.040138	
3751	0.0432341	
3752	0.0279248	
3753	0.0258	
3754	0.0472071	
3755	0.0661099	
3756	0.074007	
3757	0.0495059	
3758	0.02704	
3759	0.0578198	
3760	0.018579	
3761	0.01877	
3762	0.032624	
3763	0.0740271	
3764	0.066963	
3765	0.0698569	
3766	0.0258329	
3767	0.0262721	
3768	0.0421159	
3769	0.0199471	
3770	0.020864	
3771	0.0365391	
3772	0.073765	
3773	0.094249	
3774	0.0267429	
3775	0.058315	
3776	0.027844	
3777	0.0334599	
3778	0.0277309	
3779	0.0528901	
3780	0.0432811	
3781	0.083034	
3782	0.0184169	
3783	0.0243981	
3784	0.037853	
3785	0.023272	
3786	0.018692	
3787	0.0248361	
3788	0.0609839	
3789	0.0915499	
3790	0.0366821	
3791	0.0749321	
3792	0.018636	
3793	0.0310009	
3794	0.0434041	
3795	0.033082	
3796	0.102531	
3797	0.0312521	
3798	0.0549181	
3799	0.039336	
3800	0.030211	
3801	0.0251319	
3802	0.0340021	
3803	0.036581	
3804	0.1094811	
3805	0.0308139	
3806	0.035738	
3807	0.0250669	
3808	0.024425	
3809	0.0179861	
3810	0.0311561	
3811	0.033092	
3812	0.039917	
3813	0.111999	
3814	0.0352702	
3815	0.0225568	
3816	0.026201	
3817	0.027492	
3818	0.0194879	
3819	0.0171909	
3820	0.02896	
3821	0.0393889	
3822	0.1070681	
3823	0.0651629	
3824	0.0432551	
3825	0.045326	
3826	0.0246661	
3827	0.0136311	
3828	0.0280669	
3829	0.0892651	
3830	0.047158	
3831	0.0523012	
3832	0.027889	
3833	0.02248	
3834	0.0400569	
3835	0.0381699	
3836	0.0266449	
3837	0.101969	
3838	0.084975	
3839	0.0555661	
3840	0.067364	
3841	0.0360761	
3842	0.018537	
3843	0.050329	
3844	0.0733998	
3845	0.0892642	
3846	0.0253451	
3847	0.037642	
3848	0.0418351	
3849	0.0686991	
3850	0.0398281	
3851	0.1098499	
3852	0.0343761	
3853	0.0635178	
3854	0.0390029	
3855	0.027777	
3856	0.0327449	
3857	0.027226	
3858	0.10708	
3859	0.0289688	
3860	0.038058	
3861	0.026263	
3862	0.0447352	
3863	0.022336	
3864	0.0194628	
3865	0.027704	
3866	0.085017	
3867	0.040941	
3868	0.0415878	
3869	0.0451629	
3870	0.0319641	
3871	0.0521231	
3872	0.019345	
3873	0.014205	
3874	0.022562	
3875	0.096055	
3876	0.027535	
3877	0.066469	
3878	0.078233	
3879	0.029583	
3880	0.016185	
3881	0.019805	
3882	0.0819418	
3883	0.0388269	
3884	0.032759	
3885	0.029876	
3886	0.0817769	
3887	0.037421	
3888	0.013679	
3889	0.02162	
3890	0.0894909	
3891	0.0299301	
3892	0.0224171	
3893	0.023639	
3894	0.0360129	
3895	0.080106	
3896	0.0205002	
3897	0.014189	
3898	0.040771	
3899	0.068481	
3900	0.0414209	
3901	0.033447	
3902	0.119246	
3903	0.0287049	
3904	0.0215681	
3905	0.042347	
3906	0.068547	
3907	0.0294499	
3908	0.0180969	
3909	0.0329759	
3910	0.1075711	
3911	0.0185351	
3912	0.0169072	
3913	0.026772	
3914	0.03038	
3915	0.0621889	
3916	0.0180759	
3917	0.017832	
3918	0.125447	
3919	0.02509	
3920	0.0218999	
3921	0.017792	
3922	0.0318508	
3923	0.0341589	
3924	0.025718	
3925	0.0175591	
3926	0.0317819	
3927	0.130836	
3928	0.025964	
3929	0.022248	
3930	0.0161939	
3931	0.014096	
3932	0.0239909	
3933	0.0319989	
3934	0.135565	
3935	0.065217	
3936	0.0405421	
3937	0.0225239	
3938	0.0130589	
3939	0.0151	
3940	0.0247309	
3941	0.036129	
3942	0.126317	
3943	0.075686	
3944	0.0613868	
3945	0.0187161	
3946	0.013401	
3947	0.033052	
3948	0.0266719	
3949	0.102313	
3950	0.0784762	
3951	0.0347412	
3952	0.024945	
3953	0.0207009	
3954	0.014209	
3955	0.01138	
3956	0.0106192	
3957	0.0280492	
3958	0.1001961	
3959	0.0267072	
3960	0.053123	
3961	0.0275562	
3962	0.0222919	
3963	0.0325708	
3964	0.0404539	
3965	0.0135701	
3966	0.0139649	
3967	0.0896719	
3968	0.093096	
3969	0.032033	
3970	0.0666909	
3971	0.022404	
3972	0.0136058	
3973	0.0138559	
3974	0.0803471	
3975	0.0995331	
3976	0.0397489	
3977	0.0678549	
3978	0.019069	
3979	0.0155988	
3980	0.0110581	
3981	0.0111752	
3982	0.0570991	
3983	0.075804	
3984	0.0524271	
3985	0.0278471	
3986	0.085803	
3987	0.0253739	
3988	0.0154171	
3989	0.010988	
3990	0.0318379	
3991	0.0270319	
3992	0.119473	
3993	0.102596	
3994	0.026268	
3995	0.0292821	
3996	0.0105381	
3997	0.0222578	
3998	0.0400491	
3999	0.0893481	
4000	0.028604	
4001	0.081867	
4002	0.067575	
4003	0.0111449	
4004	0.01882	
4005	0.0282629	
4006	0.102124	
4007	0.0806711	
4008	0.0763021	
4009	0.0525069	
4010	0.0183399	
4011	0.0382581	
4012	0.0858121	
4013	0.0358989	
4014	0.033911	
4015	0.075094	
4016	0.068172	
4017	0.0179069	
4018	0.0202439	
4019	0.0399809	
4020	0.0445011	
4021	0.0278099	
4022	0.0408309	
4023	0.0711341	
4024	0.0906472	
4025	0.0273101	
4026	0.020741	
4027	0.02477	
4028	0.0387609	
4029	0.0274551	
4030	0.0276711	
4031	0.069633	
4032	0.1035371	
4033	0.0279598	
4034	0.0357981	
4035	0.030761	
4036	0.0525181	
4037	0.0230222	
4038	0.0351982	
4039	0.118314	
4040	0.0679739	
4041	0.036222	
4042	0.035079	
4043	0.035367	
4044	0.018075	
4045	0.0235519	
4046	0.1035931	
4047	0.0334611	
4048	0.0277719	
4049	0.0431709	
4050	0.0390868	
4051	0.037364	
4052	0.0202651	
4053	0.017936	
4054	0.013715	
4055	0.1072278	
4056	0.089746	
4057	0.046211	
4058	0.043973	
4059	0.0273151	
4060	0.0186212	
4061	0.0998931	
4062	0.074877	
4063	0.0554841	
4064	0.0520749	
4065	0.0257618	
4066	0.0232251	
4067	0.0142272	
4068	0.013696	
4069	0.06901	
4070	0.0957539	
4071	0.079627	
4072	0.0284371	
4073	0.0374751	
4074	0.01773	
4075	0.0239902	
4076	0.0550308	
4077	0.1427	
4078	0.0357301	
4079	0.0285971	
4080	0.0243292	
4081	0.013541	
4082	0.024406	
4083	0.0402	
4084	0.1580632	
4085	0.039511	
4086	0.0227659	
4087	0.0359621	
4088	0.0302529	
4089	0.0477679	
4090	0.136606	
4091	0.024761	
4092	0.0211151	
4093	0.0249021	
4094	0.027849	
4095	0.030437	
4096	0.0385878	
